0.3892
-0.199
0.249
-0.256
-0.0718
0.1236
0.3954
0.288
0.3634
0.0952
0.303
0.0324
0.2488
0.6968
0.418
0.1936
0.6932
-0.0068
0.0138
0.7364
0.5016
0.4744
0.8286
-0.1028
0.1074
1.011
0.4878
0.2844
1.0168
-0.1296
0.237
1.3282
0.4248
0.2936
1.3502
-0.0018
0.4076
1.5206
0.3108
0.4102
1.5192
0.1372
0.6502
-0.1428
0.282
-0.0492
-0.2036
0.1314
0.37928
-0.19836
0.24836
-0.25696
-0.06188
0.12344
0.39604
0.28736
0.3642
0.1024
0.30108
0.0316
0.2496
0.69696
0.41896
0.19584
0.69208
-0.00584
0.01828
0.73464
0.50384
0.47216
0.8278
-0.10168
0.1106
1.00972
0.48972
0.28264
1.01632
-0.128
0.23812
1.32756
0.42624
0.29344
1.35004
-0.00068
0.40824
1.52044
0.31176
0.41068
1.51888
0.13832
0.64204
-0.14904
0.28008
-0.05784
-0.20344
0.13108
0.36876
-0.19772
0.24796
-0.25684
-0.0516
0.12316
0.39644
0.28684
0.36512
0.11044
0.29904
0.03068
0.25028
0.69736
0.41992
0.19808
0.69108
-0.005
0.02312
0.733
0.50608
0.46932
0.82676
-0.10044
0.1138
1.00856
0.49164
0.28064
1.01608
-0.12616
0.23936
1.32716
0.42768
0.29328
1.35
0.00056
0.40888
1.5204
0.31284
0.41104
1.5188
0.13932
0.63328
-0.15504
0.27876
-0.06612
-0.2034
0.13076
0.35788
-0.197
0.2478
-0.25548
-0.04096
0.12292
0.39644
0.28644
0.36624
0.11908
0.29696
0.0298
0.25092
0.69792
0.42104
0.20032
0.69004
-0.00412
0.0284
0.7314
0.50832
0.46604
0.8254
-0.09916
0.11724
1.00752
0.49364
0.27848
1.01592
-0.12416
0.24056
1.32692
0.42912
0.29304
1.35008
0.00176
0.40952
1.52048
0.31388
0.41136
1.5188
0.14028
0.62416
-0.16072
0.2778
-0.07372
-0.2034
0.13044
0.3468
-0.19624
0.2478
-0.25288
-0.03004
0.12276
0.39596
0.28616
0.36752
0.1282
0.29488
0.02896
0.2514
0.6986
0.4222
0.2026
0.68896
-0.00316
0.03412
0.72984
0.5106
0.46236
0.82376
-0.09792
0.12092
1.00656
0.49572
0.2762
1.0158
-0.12204
0.24172
1.3268
0.43052
0.29272
1.35032
0.00288
0.41016
1.52064
0.31484
0.41168
1.51884
0.14128
0.6148
-0.166
0.27712
-0.08056
-0.20336
0.13008
0.3356
-0.1956
0.2478
-0.2492
-0.019
0.1226
0.395
0.286
0.3688
0.1378
0.2928
0.028
0.2514
0.6994
0.423
0.205
0.688
-0.0022
0.0402
0.7284
0.513
0.4582
0.822
-0.0968
0.1246
1.0056
0.4978
0.2738
1.0158
-0.1198
0.243
1.3268
0.4318
0.2924
1.3508
0.004
0.4108
1.5208
0.3158
0.412
1.519
0.1424
0.6052
-0.1708
0.2768
-0.0868
-0.2032
0.1296
0.3244
-0.19496
0.24812
-0.24424
-0.00795999999999999
0.1226
0.39324
0.28568
0.37024
0.14804
0.29104
0.0272
0.2514
0.7002
0.42396
0.2074
0.6872
-0.00124
0.04676
0.72696
0.5154
0.4534
0.81992
-0.09568
0.12844
1.00496
0.49972
0.27108
1.0158
-0.11756
0.24428
1.32696
0.43308
0.29192
1.35128
0.00496
0.41128
1.52112
0.31676
0.41232
1.51932
0.14336
0.5956
-0.1748
0.2768
-0.09144
-0.20256
0.12896
0.31332
-0.19444
0.24832
-0.23832
0.00296000000000001
0.12272
0.39088
0.28548
0.37156
0.15864
0.28952
0.0264
0.25116
0.70112
0.42504
0.20968
0.68652
-0.000399999999999999
0.05368
0.72564
0.51792
0.44812
0.81772
-0.09456
0.13252
1.00444
0.50176
0.26824
1.01592
-0.1152
0.24568
1.32724
0.43424
0.29132
1.352
0.00592
0.41176
1.52144
0.31772
0.41264
1.51964
0.1442
0.58576
-0.17832
0.27704
-0.09488
-0.20168
0.1282
0.30236
-0.19404
0.24848
-0.2316
0.01352
0.12296
0.38792
0.28532
0.37284
0.16944
0.28824
0.02568
0.2506
0.70208
0.42608
0.21184
0.68596
0.0004
0.06096
0.72452
0.5204
0.44244
0.8154
-0.09344
0.1366
1.00396
0.50376
0.26528
1.01616
-0.1128
0.24704
1.32764
0.43536
0.2906
1.3528
0.0068
0.41224
1.52184
0.3186
0.41296
1.52004
0.145
0.57584
-0.18112
0.27736
-0.09696
-0.20048
0.1274
0.29144
-0.19372
0.24864
-0.2242
0.0236
0.12332
0.38436
0.28516
0.37408
0.18036
0.28724
0.02508
0.2498
0.70308
0.42704
0.21396
0.68556
0.00128
0.0686
0.72356
0.52288
0.43636
0.81296
-0.09232
0.14064
1.00356
0.50568
0.2622
1.01648
-0.1104
0.24836
1.32816
0.43644
0.28976
1.35364
0.0076
0.41268
1.52236
0.3194
0.41324
1.52056
0.1458
0.56584
-0.1832
0.27768
-0.0976
-0.19892
0.12652
0.2804
-0.1934
0.2488
-0.2162
0.0332
0.1238
0.3802
0.285
0.3752
0.1914
0.2866
0.0246
0.249
0.7042
0.428
0.2162
0.6854
0.0024
0.0766
0.7226
0.5256
0.4298
0.8104
-0.0912
0.1448
1.0034
0.5076
0.259
1.0168
-0.108
0.2498
1.3288
0.4374
0.2888
1.3546
0.0084
0.413
1.523
0.3202
0.4134
1.5212
0.1466
0.5556
-0.1848
0.278
-0.0968
-0.197
0.1254
0.26936
-0.1934
0.2488
-0.2074
0.04168
0.1246
0.3754
0.28484
0.376
0.20244
0.2866
0.02412
0.2482
0.70516
0.42912
0.21828
0.6854
0.0032
0.08492
0.7218
0.528
0.42276
0.80768
-0.09008
0.14912
1.0034
0.50936
0.25548
1.01728
-0.1056
0.25108
1.3296
0.43836
0.28768
1.35572
0.00904
0.41332
1.52348
0.32084
0.41356
1.52184
0.1474
0.54504
-0.18592
0.278
-0.09376
-0.1946
0.12428
0.2582
-0.1934
0.2488
-0.19824
0.04932
0.1254
0.37
0.28468
0.37656
0.21336
0.28696
0.02388
0.24728
0.70612
0.43
0.22012
0.68576
0.00388
0.0936
0.72112
0.5304
0.41548
0.80484
-0.08896
0.1532
1.00352
0.51112
0.25196
1.01776
-0.10332
0.25248
1.3304
0.4392
0.28644
1.35684
0.00968
0.41364
1.52408
0.32148
0.41372
1.5226
0.14808
0.53448
-0.1868
0.27788
-0.08916
-0.19208
0.12304
0.24716
-0.19332
0.2488
-0.18864
0.05596
0.12636
0.36408
0.28444
0.37688
0.22416
0.28768
0.02372
0.24624
0.70708
0.4308
0.22196
0.68632
0.0046
0.10248
0.72064
0.53272
0.4078
0.80204
-0.08792
0.15728
1.00376
0.5128
0.24836
1.01824
-0.10108
0.25384
1.33128
0.43992
0.28516
1.35804
0.01024
0.41388
1.5248
0.32212
0.4138
1.5234
0.14864
0.52392
-0.1876
0.27764
-0.083
-0.18944
0.12168
0.23628
-0.1932
0.24876
-0.17868
0.06152
0.12748
0.35768
0.28408
0.377
0.23484
0.2888
0.02356
0.24512
0.708
0.43156
0.2238
0.68708
0.00536
0.1114
0.7204
0.53512
0.39972
0.79932
-0.08692
0.1614
1.00412
0.51436
0.24464
1.01876
-0.09888
0.25508
1.33224
0.44056
0.2838
1.35932
0.01072
0.41404
1.5256
0.32268
0.4138
1.52424
0.14912
0.51336
-0.18832
0.27736
-0.07524
-0.18672
0.1202
0.2254
-0.1932
0.2486
-0.1686
0.066
0.1286
0.3508
0.2836
0.377
0.2454
0.2904
0.0234
0.244
0.7088
0.4322
0.2254
0.6882
0.006
0.1202
0.7204
0.538
0.3914
0.7966
-0.0858
0.1654
1.0046
0.5158
0.2408
1.0194
-0.0968
0.2562
1.3332
0.4412
0.2822
1.3606
0.0112
0.4142
1.5264
0.323
0.4138
1.5252
0.1496
0.5028
-0.1888
0.2772
-0.0658
-0.184
0.1186
0.21452
-0.19304
0.24844
-0.15804
0.06872
0.12988
0.3436
0.28328
0.37684
0.25548
0.29248
0.0234
0.24256
0.7096
0.43284
0.22684
0.68948
0.00664
0.13028
0.71992
0.5388
0.38276
0.79404
-0.08484
0.16924
1.00524
0.51724
0.2368
1.02004
-0.09488
0.25732
1.33432
0.44168
0.28076
1.36188
0.01152
0.41436
1.52736
0.32332
0.4138
1.52632
0.14992
0.49224
-0.18944
0.27704
-0.05428
-0.18112
0.11684
0.20376
-0.19288
0.24828
-0.14748
0.07036
0.13128
0.33616
0.28308
0.37656
0.26532
0.2948
0.02352
0.24088
0.71052
0.43348
0.22816
0.69088
0.00716
0.13988
0.72004
0.54056
0.37388
0.79148
-0.084
0.17308
1.006
0.51856
0.23268
1.0208
-0.09308
0.25832
1.33544
0.44216
0.2792
1.36316
0.01184
0.41452
1.52832
0.32364
0.4138
1.52744
0.15024
0.48156
-0.18996
0.27688
-0.0412
-0.17836
0.1152
0.19304
-0.19272
0.2482
-0.13676
0.07076
0.1328
0.32856
0.28284
0.37632
0.275
0.29744
0.0236
0.23912
0.7114
0.43404
0.22936
0.69248
0.00764
0.1494
0.7206
0.54248
0.36476
0.789
-0.0832
0.17676
1.00688
0.51976
0.22852
1.0216
-0.09132
0.25928
1.33664
0.44264
0.2776
1.36444
0.01216
0.4146
1.52936
0.32388
0.4138
1.52856
0.15048
0.47092
-0.19044
0.27672
-0.02672
-0.1758
0.1136
0.18232
-0.19252
0.24816
-0.1258
0.06988
0.1344
0.3208
0.28256
0.37612
0.28448
0.30036
0.0236
0.23728
0.71216
0.43448
0.23052
0.6942
0.00824
0.15896
0.7214
0.5442
0.3554
0.78668
-0.08244
0.18028
1.00784
0.52092
0.22432
1.02244
-0.08964
0.2602
1.33796
0.44308
0.27604
1.36572
0.01244
0.4146
1.53052
0.32404
0.41376
1.52968
0.1506
0.46036
-0.19092
0.27656
-0.0109199999999999
-0.17352
0.11204
0.1716
-0.1922
0.248
-0.1146
0.0678
0.136
0.3128
0.2824
0.3758
0.2936
0.3034
0.0236
0.2352
0.7128
0.4348
0.2318
0.6958
0.0092
0.1684
0.7222
0.5458
0.3458
0.7846
-0.0818
0.1838
1.0088
0.5222
0.22
1.0234
-0.0882
0.261
1.3394
0.4434
0.2746
1.367
0.0126
0.4146
1.5318
0.3242
0.4136
1.5308
0.1506
0.4498
-0.1914
0.2764
0.0062
-0.1716
0.1106
0.16088
-0.19188
0.24784
-0.10308
0.0646
0.13744
0.30448
0.2824
0.37548
0.3024
0.3066
0.02392
0.23312
0.7136
0.43496
0.23244
0.69788
0.00904
0.178
0.72348
0.54724
0.33604
0.78252
-0.08116
0.187
1.00992
0.52348
0.21584
1.02436
-0.08676
0.2618
1.34068
0.44356
0.27316
1.36828
0.01292
0.41476
1.53292
0.3242
0.4136
1.53208
0.15076
0.43924
-0.19172
0.2764
0.02476
-0.17
0.10916
0.15016
-0.19156
0.2478
-0.0912
0.06032
0.13888
0.29604
0.2824
0.37516
0.31084
0.30992
0.024
0.23092
0.71428
0.43512
0.23308
0.69996
0.009
0.18748
0.725
0.54856
0.32616
0.78068
-0.08064
0.1902
1.01116
0.52464
0.21156
1.02556
-0.08544
0.26248
1.34208
0.44372
0.27184
1.36956
0.01312
0.4148
1.53404
0.3242
0.41348
1.53324
0.15068
0.42856
-0.19216
0.2764
0.04416
-0.16888
0.10796
0.13944
-0.19124
0.24772
-0.0788
0.05512
0.14024
0.28748
0.2824
0.375
0.319
0.31328
0.02392
0.2286
0.71484
0.43512
0.23364
0.70188
0.00924
0.19692
0.72668
0.5496
0.31624
0.779
-0.08024
0.19316
1.01244
0.52576
0.20732
1.02676
-0.08416
0.26304
1.34352
0.44388
0.27064
1.37076
0.01328
0.4148
1.53516
0.32412
0.41332
1.53428
0.1506
0.41784
-0.19248
0.27632
0.0643200000000001
-0.16832
0.10692
0.12868
-0.19092
0.2476
-0.06592
0.04908
0.1414
0.2788
0.28244
0.37496
0.32684
0.3166
0.0238
0.2262
0.71532
0.43496
0.23424
0.70372
0.00968
0.20632
0.72848
0.5504
0.30628
0.77748
-0.07996
0.19588
1.01372
0.52684
0.20316
1.02792
-0.08292
0.26352
1.34496
0.444
0.26956
1.37188
0.01344
0.41476
1.53628
0.32396
0.4132
1.53528
0.15056
0.40712
-0.19272
0.27616
0.0851200000000001
-0.16836
0.106
0.1178
-0.1906
0.2476
-0.0528
0.0422
0.1422
0.27
0.2826
0.3748
0.3342
0.3198
0.0238
0.2238
0.7158
0.4348
0.2352
0.7058
0.01
0.2156
0.7304
0.5512
0.2962
0.7762
-0.0798
0.1986
1.015
0.5278
0.199
1.0292
-0.0818
0.264
1.3464
0.444
0.2686
1.373
0.0136
0.4146
1.5374
0.3238
0.4132
1.5364
0.1504
0.3964
-0.1932
0.276
0.1064
-0.169
0.1052
0.10708
-0.19012
0.24744
-0.03872
0.03436
0.14348
0.26104
0.28276
0.3748
0.34108
0.32284
0.0238
0.2214
0.71612
0.43464
0.23616
0.70756
0.01016
0.22472
0.73248
0.55152
0.28596
0.77476
-0.07948
0.201
1.01628
0.52876
0.195
1.03048
-0.08084
0.26448
1.34784
0.444
0.26764
1.3738
0.0136
0.4146
1.5382
0.32364
0.41304
1.5372
0.15024
0.38568
-0.19336
0.27584
0.12816
-0.16996
0.1044
0.09636
-0.18976
0.24728
-0.02416
0.02568
0.1444
0.25184
0.28292
0.3748
0.3476
0.32564
0.0238
0.219
0.71644
0.43436
0.23688
0.70932
0.01044
0.23372
0.7348
0.55184
0.27572
0.77356
-0.07928
0.20328
1.01756
0.52972
0.19112
1.03164
-0.08012
0.26484
1.34916
0.444
0.2668
1.3746
0.01372
0.41448
1.539
0.32348
0.41288
1.53788
0.14996
0.37496
-0.19376
0.27568
0.15052
-0.17104
0.10384
0.08556
-0.18936
0.24704
-0.00927999999999996
0.01632
0.1452
0.24256
0.28316
0.37464
0.35376
0.32828
0.02388
0.2166
0.7166
0.43396
0.23744
0.71092
0.01076
0.2426
0.7372
0.552
0.26556
0.77252
-0.0792
0.20536
1.01876
0.5306
0.18728
1.03276
-0.0794
0.26516
1.35036
0.444
0.26608
1.37532
0.0138
0.4144
1.53972
0.32324
0.41272
1.53852
0.14972
0.36416
-0.19416
0.2756
0.17324
-0.17232
0.10344
0.07472
-0.18888
0.24676
0.00596000000000006
0.00635999999999996
0.14592
0.23328
0.28344
0.37436
0.35956
0.33076
0.02404
0.2142
0.7166
0.43352
0.23788
0.71232
0.01104
0.25132
0.7396
0.552
0.25552
0.77156
-0.0792
0.20724
1.01988
0.53144
0.18344
1.03384
-0.0786
0.26548
1.3514
0.44396
0.26544
1.37588
0.0138
0.41436
1.54032
0.32292
0.41256
1.53908
0.14952
0.35328
-0.19448
0.27556
0.19628
-0.17372
0.10312
0.064
-0.1884
0.2466
0.0218
-0.0042
0.1464
0.224
0.2836
0.3742
0.365
0.333
0.0242
0.2118
0.7166
0.4332
0.2382
0.7136
0.0112
0.2598
0.742
0.552
0.2456
0.7706
-0.0792
0.209
1.021
0.5324
0.1796
1.0348
-0.0778
0.2658
1.3522
0.4438
0.2648
1.3762
0.0138
0.4142
1.5408
0.3226
0.4124
1.5394
0.1492
0.3424
-0.1948
0.2754
0.2198
-0.175
0.1028
0.05312
-0.18792
0.24644
0.03828
-0.0154
0.14704
0.21488
0.28376
0.37404
0.36964
0.33492
0.02452
0.20956
0.71644
0.43304
0.23852
0.71472
0.01152
0.26796
0.7444
0.55168
0.23584
0.7698
-0.07936
0.2106
1.0218
0.5332
0.17608
1.0356
-0.07732
0.26612
1.353
0.44364
0.26432
1.37636
0.0138
0.4142
1.54112
0.32228
0.41224
1.53956
0.14888
0.33152
-0.19512
0.27524
0.24364
-0.17628
0.10264
0.04236
-0.18732
0.24628
0.05524
-0.02696
0.14744
0.20564
0.28404
0.37376
0.37392
0.3366
0.02496
0.20744
0.71628
0.43276
0.23896
0.71572
0.0116
0.27588
0.74692
0.55136
0.22632
0.769
-0.07964
0.21208
1.0226
0.534
0.17256
1.03628
-0.07684
0.26644
1.35368
0.44348
0.26396
1.3764
0.0138
0.41408
1.54132
0.32196
0.4122
1.53972
0.14856
0.32052
-0.19544
0.27508
0.2676
-0.17756
0.1026
0.03164
-0.18668
0.24612
0.0726800000000001
-0.0388
0.14776
0.19652
0.28436
0.37352
0.37776
0.33796
0.02544
0.20536
0.71612
0.43244
0.23928
0.71644
0.01168
0.28364
0.7494
0.55088
0.21688
0.76828
-0.07996
0.21352
1.02332
0.53472
0.1692
1.03684
-0.07636
0.26668
1.35408
0.44332
0.26356
1.37632
0.01372
0.414
1.5414
0.32164
0.41212
1.53972
0.14816
0.30956
-0.19576
0.275
0.29176
-0.17876
0.1026
0.02088
-0.18596
0.246
0.0905600000000001
-0.05084
0.148
0.1876
0.28468
0.37332
0.38108
0.339
0.026
0.20332
0.71592
0.43216
0.23944
0.71692
0.01176
0.2912
0.7518
0.55024
0.20756
0.7676
-0.08032
0.21488
1.02388
0.53536
0.16604
1.03724
-0.07592
0.26684
1.35424
0.44316
0.26316
1.37608
0.0136
0.41396
1.54136
0.32128
0.41196
1.53952
0.14772
0.29864
-0.19608
0.27496
0.31608
-0.17988
0.10268
0.01
-0.185
0.246
0.1088
-0.063
0.148
0.1788
0.285
0.373
0.3838
0.3398
0.0268
0.2014
0.7156
0.432
0.2396
0.7174
0.0116
0.2984
0.7542
0.5496
0.1986
0.7668
-0.0808
0.216
1.0242
0.536
0.163
1.0374
-0.0756
0.267
1.3544
0.443
0.263
1.3756
0.0136
0.4138
1.5412
0.3208
0.4118
1.5392
0.1474
0.2876
-0.1964
0.2748
0.3404
-0.181
0.103
-0.00072000000000001
-0.1842
0.24584
0.12784
-0.07516
0.148
0.17016
0.28532
0.37284
0.38588
0.34028
0.02744
0.19948
0.71512
0.43184
0.23976
0.71756
0.0116
0.30512
0.75644
0.54896
0.1898
0.76616
-0.08128
0.21712
1.02436
0.53648
0.16012
1.03756
-0.07512
0.26716
1.3544
0.44268
0.26268
1.37496
0.01328
0.4138
1.54088
0.32048
0.4118
1.53888
0.14692
0.27656
-0.19672
0.2748
0.36488
-0.1818
0.10332
-0.01144
-0.18316
0.2458
0.14724
-0.0872
0.14776
0.16176
0.28564
0.37256
0.38748
0.34028
0.02832
0.19756
0.71464
0.43168
0.2398
0.7176
0.01136
0.3116
0.75856
0.5482
0.18136
0.76552
-0.08176
0.21812
1.02452
0.53696
0.15736
1.03748
-0.07476
0.26732
1.35416
0.44236
0.26248
1.3742
0.01308
0.4138
1.54044
0.32004
0.4118
1.53832
0.14644
0.26552
-0.19704
0.2748
0.38924
-0.18224
0.10388
-0.02216
-0.18196
0.24572
0.16684
-0.09912
0.14736
0.1536
0.28596
0.37232
0.38852
0.33996
0.02928
0.19572
0.71416
0.4316
0.23988
0.71736
0.01104
0.31776
0.76064
0.54732
0.17312
0.76488
-0.08232
0.21908
1.02452
0.53736
0.1548
1.03732
-0.07452
0.26748
1.35376
0.44204
0.2624
1.37332
0.01284
0.41372
1.53996
0.31956
0.4118
1.53768
0.14604
0.2544
-0.19736
0.27472
0.4134
-0.18232
0.10468
-0.03284
-0.18064
0.2456
0.1866
-0.1108
0.14684
0.14568
0.28628
0.37216
0.38904
0.33932
0.03028
0.19404
0.71364
0.4316
0.24004
0.71684
0.01072
0.32356
0.76264
0.5464
0.16508
0.76424
-0.08292
0.21996
1.02432
0.53768
0.15244
1.03712
-0.07432
0.26764
1.35328
0.44172
0.26236
1.37236
0.01252
0.4136
1.5394
0.31908
0.41176
1.537
0.14564
0.2432
-0.19768
0.2746
0.43732
-0.18196
0.10572
-0.0434
-0.1792
0.2456
0.2066
-0.122
0.1462
0.138
0.2866
0.372
0.3892
0.3382
0.0314
0.1926
0.713
0.4316
0.2402
0.7162
0.0104
0.329
0.7644
0.5456
0.1574
0.7636
-0.0834
0.2206
1.024
0.538
0.1502
1.0368
-0.074
0.2678
1.3528
0.4414
0.2622
1.3714
0.0122
0.4136
1.5386
0.3186
0.4116
1.5362
0.145
0.232
-0.198
0.2746
0.461
-0.181
0.107
-0.0541200000000001
-0.1776
0.2456
0.22644
-0.13272
0.1454
0.1308
0.28676
0.37168
0.38872
0.33676
0.03268
0.19116
0.71236
0.43144
0.2402
0.7154
0.00992
0.33364
0.76632
0.54528
0.15004
0.76312
-0.0842
0.22124
1.02368
0.53816
0.14828
1.03616
-0.07384
0.2678
1.352
0.44092
0.26236
1.37028
0.01172
0.41344
1.5378
0.31796
0.4116
1.53524
0.14452
0.2208
-0.19832
0.27444
0.48372
-0.17924
0.1086
-0.06484
-0.17588
0.2456
0.24616
-0.14272
0.14424
0.12396
0.28692
0.37148
0.38776
0.33496
0.03408
0.18996
0.7116
0.43116
0.2402
0.71436
0.00932
0.33792
0.768
0.5446
0.14292
0.76252
-0.08488
0.22176
1.02324
0.5382
0.14648
1.03552
-0.07368
0.26792
1.3512
0.44044
0.2624
1.36904
0.01124
0.4134
1.53688
0.31744
0.41172
1.53428
0.14404
0.2096
-0.19864
0.2744
0.50584
-0.17688
0.11044
-0.07548
-0.17404
0.24568
0.26544
-0.152
0.14288
0.11748
0.28708
0.37132
0.38648
0.33288
0.03552
0.18884
0.7108
0.43092
0.24028
0.71316
0.00868
0.34184
0.76944
0.54388
0.13612
0.76188
-0.08552
0.22224
1.02268
0.53812
0.1448
1.0348
-0.0736
0.26808
1.35024
0.43996
0.26248
1.36768
0.01076
0.41332
1.53592
0.31688
0.4118
1.53316
0.14348
0.19832
-0.19896
0.27432
0.52696
-0.17392
0.1126
-0.08604
-0.17208
0.2458
0.28408
-0.16052
0.14148
0.1114
0.28724
0.3712
0.38496
0.3306
0.03692
0.1878
0.70996
0.43072
0.24044
0.7118
0.00796
0.34536
0.77064
0.5432
0.12972
0.76124
-0.08616
0.22264
1.022
0.53796
0.14328
1.034
-0.07356
0.2682
1.34916
0.43944
0.26268
1.36624
0.01024
0.4132
1.53488
0.31624
0.4118
1.53192
0.14284
0.18696
-0.19932
0.2742
0.54692
-0.17044
0.11504
-0.0966
-0.17
0.2458
0.302
-0.1682
0.1402
0.1058
0.2874
0.3712
0.3832
0.3282
0.0382
0.187
0.709
0.4304
0.2406
0.7102
0.007
0.3484
0.7716
0.5424
0.1238
0.7606
-0.0868
0.2228
1.0212
0.5378
0.142
1.0332
-0.0734
0.2682
1.3482
0.4388
0.263
1.3648
0.0096
0.4132
1.5336
0.3156
0.4118
1.5308
0.1422
0.1756
-0.1998
0.2742
0.5658
-0.1666
0.1176
-0.107
-0.1676
0.2458
0.31896
-0.17492
0.13908
0.10084
0.28724
0.3712
0.38128
0.32548
0.03964
0.18636
0.7082
0.42992
0.24108
0.70844
0.00652
0.3508
0.7724
0.54144
0.11804
0.75996
-0.08744
0.2228
1.02024
0.53748
0.14088
1.03208
-0.0734
0.2682
1.34692
0.43816
0.26316
1.36336
0.00896
0.41304
1.53248
0.31496
0.4118
1.52952
0.14156
0.16424
-0.20012
0.27404
0.58308
-0.16244
0.12
-0.11728
-0.16508
0.24592
0.33472
-0.1808
0.13808
0.09636
0.28708
0.3712
0.37936
0.32276
0.04108
0.18584
0.70728
0.42956
0.24156
0.70656
0.00592
0.35272
0.77284
0.5406
0.11276
0.75932
-0.08808
0.22268
1.01928
0.53704
0.14
1.03096
-0.07352
0.26832
1.34564
0.4374
0.26356
1.3618
0.0082
0.41288
1.53124
0.31432
0.4118
1.52824
0.14092
0.15288
-0.20044
0.27376
0.59892
-0.15768
0.12228
-0.12752
-0.16244
0.24608
0.3492
-0.18584
0.13744
0.09236
0.28684
0.3712
0.37744
0.32004
0.04244
0.18544
0.70632
0.42916
0.24212
0.70472
0.00528
0.35424
0.77308
0.53972
0.10788
0.7586
-0.08872
0.22244
1.01824
0.53648
0.13928
1.02984
-0.07368
0.2684
1.34436
0.4366
0.26396
1.3602
0.0074
0.41272
1.53004
0.3136
0.41188
1.52704
0.1402
0.14152
-0.20076
0.27352
0.613
-0.15264
0.12436
-0.13768
-0.1596
0.24624
0.36224
-0.19012
0.13724
0.08884
0.28652
0.3712
0.37556
0.31732
0.04372
0.1852
0.70532
0.42868
0.24272
0.70292
0.00464
0.35532
0.77312
0.53876
0.10336
0.7578
-0.08936
0.22208
1.01716
0.5358
0.13872
1.02868
-0.07388
0.2684
1.34308
0.4358
0.26436
1.3586
0.00656
0.41256
1.52888
0.31284
0.412
1.52588
0.1394
0.13012
-0.20112
0.27336
0.6252
-0.14764
0.12632
-0.1476
-0.1564
0.2464
0.3736
-0.1938
0.1374
0.0858
0.2862
0.3712
0.3738
0.3146
0.045
0.1852
0.7042
0.4282
0.2432
0.701
0.004
0.3558
0.7728
0.5378
0.0992
0.757
-0.09
0.2216
1.0162
0.535
0.1384
1.0274
-0.0742
0.2684
1.3418
0.435
0.265
1.357
0.0056
0.4124
1.5276
0.3122
0.412
1.5246
0.1386
0.1186
-0.2016
0.2732
0.6356
-0.143
0.1284
-0.1572
-0.15288
0.24672
0.38224
-0.19636
0.13772
0.0834
0.28556
0.37152
0.3722
0.31188
0.04612
0.18536
0.70324
0.42772
0.24368
0.69908
0.0032
0.3558
0.77216
0.53668
0.09584
0.7562
-0.09064
0.22096
1.01492
0.5342
0.13824
1.02596
-0.07452
0.26824
1.34052
0.43404
0.26548
1.3554
0.00463999999999999
0.41224
1.52632
0.3114
0.41216
1.52332
0.1378
0.10708
-0.20192
0.27304
0.64344
-0.13932
0.13064
-0.16656
-0.14912
0.24704
0.38884
-0.19844
0.1384
0.0816
0.28492
0.37184
0.37072
0.3094
0.047
0.18564
0.70228
0.42724
0.24428
0.69728
0.0024
0.3552
0.77128
0.53568
0.09284
0.7554
-0.09152
0.2202
1.01376
0.53316
0.1382
1.02452
-0.07496
0.2682
1.33924
0.43308
0.26608
1.3538
0.00368
0.41208
1.52516
0.3106
0.4122
1.52216
0.137
0.09556
-0.20236
0.273
0.64936
-0.1366
0.133
-0.1756
-0.14504
0.24744
0.39348
-0.19996
0.13936
0.0804
0.2842
0.37224
0.36944
0.30708
0.04804
0.18612
0.70124
0.42668
0.245
0.69552
0.00168
0.35408
0.77024
0.53456
0.09028
0.75452
-0.09248
0.21932
1.01256
0.53196
0.13836
1.02308
-0.07552
0.26812
1.33796
0.43212
0.26672
1.35228
0.00263999999999999
0.41192
1.52404
0.3098
0.41228
1.52104
0.1362
0.0840399999999999
-0.20276
0.27292
0.65328
-0.13492
0.13524
-0.18432
-0.1406
0.24796
0.39616
-0.20092
0.14052
0.0798
0.2834
0.37276
0.36844
0.30492
0.04924
0.18676
0.70016
0.42608
0.24588
0.69384
0.000999999999999997
0.35248
0.769
0.53332
0.0882
0.75356
-0.09348
0.21828
1.01132
0.53064
0.13876
1.02164
-0.07616
0.26792
1.33668
0.43112
0.2674
1.3508
0.00148
0.41176
1.52296
0.30896
0.41244
1.51996
0.13536
0.07256
-0.20312
0.2728
0.65532
-0.13444
0.13728
-0.1928
-0.1358
0.2486
0.3968
-0.2014
0.1418
0.0798
0.2826
0.3734
0.3678
0.303
0.0502
0.1874
0.6992
0.4256
0.247
0.6924
0.0002
0.3504
0.7674
0.5322
0.0866
0.7526
-0.0946
0.217
1.0102
0.5292
0.1394
1.0202
-0.0768
0.2676
1.3354
0.43
0.2682
1.3492
0.0002
0.4116
1.522
0.308
0.4126
1.519
0.1344
0.0612
-0.2036
0.2728
0.6558
-0.1354
0.1392
-0.20064
-0.13036
0.24924
0.39488
-0.2014
0.14308
0.08076
0.28148
0.37404
0.36732
0.3014
0.05084
0.18836
0.69824
0.42496
0.24812
0.69112
-0.000280000000000003
0.34768
0.76548
0.53092
0.08564
0.75148
-0.09556
0.21572
1.00892
0.5276
0.14036
1.0186
-0.0776
0.26728
1.33428
0.42872
0.26884
1.34792
-0.00108000000000001
0.41144
1.52104
0.3072
0.41276
1.5182
0.1336
0.0498399999999999
-0.20392
0.27264
0.65404
-0.13748
0.1408
-0.20788
-0.12444
0.25012
0.39116
-0.20104
0.14448
0.08244
0.28036
0.37492
0.36708
0.30016
0.05124
0.18956
0.69728
0.4242
0.24924
0.6902
-0.000760000000000001
0.3446
0.76344
0.52952
0.08516
0.75036
-0.09676
0.21432
1.00776
0.52588
0.14156
1.01712
-0.07852
0.26696
1.33328
0.42756
0.26972
1.34664
-0.00236
0.41128
1.52032
0.3064
0.41292
1.51752
0.13268
0.03848
-0.20436
0.2726
0.65072
-0.14064
0.14228
-0.21428
-0.11804
0.25108
0.38588
-0.20048
0.14576
0.08492
0.27908
0.37596
0.367
0.2992
0.0514
0.19084
0.69632
0.4234
0.25036
0.68948
-0.00132
0.341
0.76128
0.52816
0.08516
0.74924
-0.09804
0.2128
1.00664
0.52404
0.143
1.01568
-0.07956
0.26656
1.33232
0.42636
0.2706
1.34544
-0.00372000000000001
0.41112
1.51976
0.30552
0.41316
1.51696
0.1318
0.0271999999999999
-0.20476
0.2726
0.64608
-0.14464
0.14364
-0.2198
-0.11112
0.252
0.3792
-0.19984
0.1468
0.08824
0.27764
0.37708
0.36708
0.29848
0.05128
0.1922
0.69536
0.42268
0.25148
0.68896
-0.002
0.33684
0.759
0.52688
0.08568
0.74816
-0.09932
0.21116
1.0056
0.52208
0.14468
1.01424
-0.08068
0.26608
1.33144
0.42508
0.27144
1.3444
-0.00516000000000001
0.411
1.51936
0.3046
0.41344
1.51656
0.131
0.01604
-0.20512
0.2726
0.64028
-0.14924
0.14484
-0.2246
-0.1036
0.2528
0.3712
-0.1992
0.1476
0.0924
0.2762
0.3782
0.3674
0.298
0.0508
0.1938
0.6944
0.4222
0.2526
0.6888
-0.0028
0.3322
0.7566
0.5256
0.0868
0.7472
-0.1006
0.2094
1.0048
0.52
0.1466
1.0128
-0.0818
0.2656
1.3308
0.4238
0.2724
1.3436
-0.0066
0.411
1.5192
0.3038
0.4136
1.5164
0.1302
0.005
-0.2056
0.2726
0.6334
-0.1542
0.1458
-0.22828
-0.09544
0.25376
0.36192
-0.1984
0.14808
0.09784
0.2746
0.37948
0.36772
0.29768
0.05
0.19556
0.6936
0.42172
0.2534
0.68864
-0.00312
0.32676
0.7542
0.52464
0.08856
0.74608
-0.10204
0.20748
1.004
0.51776
0.149
1.01152
-0.08308
0.26512
1.33016
0.42252
0.27352
1.3428
-0.00788000000000001
0.41084
1.51904
0.303
0.41392
1.5164
0.12924
-0.00540000000000006
-0.20608
0.2726
0.6254
-0.15964
0.14676
-0.23088
-0.08668
0.2546
0.3518
-0.1976
0.14832
0.104
0.273
0.38088
0.36804
0.29772
0.04908
0.19744
0.6928
0.42124
0.2542
0.68884
-0.00368
0.32144
0.75144
0.52248
0.0908
0.74508
-0.10348
0.20544
1.00332
0.5154
0.15152
1.01036
-0.08436
0.26452
1.32988
0.42124
0.27464
1.34236
-0.00928
0.41068
1.51912
0.3022
0.41424
1.51652
0.1284
-0.01532
-0.2062
0.27272
0.61668
-0.16496
0.14748
-0.2324
-0.0773999999999999
0.25532
0.341
-0.1968
0.14824
0.11104
0.27132
0.3824
0.3682
0.29788
0.04796
0.19936
0.692
0.42076
0.25492
0.68932
-0.00432
0.31552
0.74888
0.52056
0.09352
0.7442
-0.105
0.20344
1.00284
0.51284
0.15432
1.0094
-0.08572
0.2638
1.32972
0.41996
0.27576
1.34204
-0.01064
0.4106
1.51928
0.30148
0.41456
1.51676
0.12768
-0.0246800000000001
-0.2062
0.2728
0.60724
-0.17
0.14804
-0.2328
-0.06764
0.25596
0.32972
-0.19604
0.14784
0.119
0.26956
0.38396
0.36808
0.29804
0.04664
0.20132
0.6912
0.42024
0.25556
0.68996
-0.005
0.30884
0.74656
0.5192
0.09672
0.7434
-0.10664
0.20144
1.00252
0.51016
0.1574
1.0086
-0.08716
0.263
1.32964
0.41872
0.27692
1.3418
-0.01192
0.41056
1.51952
0.3008
0.41484
1.51708
0.127
-0.03352
-0.20628
0.27284
0.59724
-0.17468
0.14844
-0.232
-0.0574
0.2566
0.3182
-0.1954
0.1472
0.1278
0.2678
0.3854
0.3676
0.2982
0.0452
0.2034
0.6904
0.4196
0.2562
0.6906
-0.0058
0.3018
0.744
0.5176
0.1004
0.7426
-0.1084
0.1992
1.0022
0.5076
0.1606
1.0078
-0.0886
0.2622
1.3298
0.4176
0.2782
1.3418
-0.0132
0.4104
1.52
0.3
0.415
1.5174
0.1262
-0.042
-0.2066
0.273
0.587
-0.179
0.1486
-0.22928
-0.0466799999999999
0.25724
0.30652
-0.19476
0.1464
0.1374
0.2662
0.38668
0.36664
0.29836
0.04376
0.20564
0.68976
0.41896
0.25652
0.69124
-0.00628
0.29444
0.7416
0.51584
0.10488
0.7418
-0.11
0.19696
1.00188
0.50488
0.16412
1.00716
-0.09004
0.26124
1.33012
0.41648
0.27948
1.34196
-0.01432
0.41024
1.52048
0.29936
0.41516
1.51788
0.12556
-0.0498400000000001
-0.20708
0.27316
0.57628
-0.18252
0.14844
-0.22548
-0.03584
0.25764
0.29484
-0.19424
0.1456
0.1476
0.2646
0.38796
0.3652
0.29852
0.0422
0.20788
0.68912
0.41832
0.25684
0.69212
-0.00712
0.2866
0.73932
0.5142
0.10984
0.74112
-0.11172
0.1946
1.0018
0.50228
0.16788
1.00664
-0.0916
0.26028
1.33044
0.41524
0.28076
1.34236
-0.01544
0.41008
1.52108
0.29872
0.41532
1.51848
0.12492
-0.05696
-0.20744
0.27344
0.56556
-0.18544
0.14804
-0.2206
-0.0247999999999999
0.25788
0.28332
-0.19384
0.1448
0.1584
0.26316
0.38916
0.3632
0.29868
0.0406
0.21012
0.68856
0.41768
0.257
0.69308
-0.00784
0.27852
0.73708
0.51236
0.1152
0.74056
-0.11348
0.19228
1.0018
0.49964
0.1718
1.00624
-0.09312
0.25908
1.33092
0.4142
0.28212
1.34284
-0.01648
0.40992
1.5218
0.29808
0.4154
1.5192
0.12428
-0.06328
-0.2076
0.27376
0.55476
-0.18768
0.14748
-0.21468
-0.01372
0.25804
0.27196
-0.19356
0.14404
0.16968
0.26196
0.39024
0.3606
0.29884
0.03908
0.21232
0.68812
0.41708
0.25692
0.69404
-0.00836
0.27024
0.73488
0.51036
0.121
0.74004
-0.11524
0.18996
1.00184
0.49696
0.17588
1.00592
-0.0946
0.25764
1.33156
0.41336
0.28356
1.34336
-0.0174
0.40972
1.5226
0.29748
0.41536
1.51996
0.12368
-0.0686
-0.20748
0.27408
0.54384
-0.1892
0.14676
-0.2078
-0.003
0.2582
0.2606
-0.1934
0.1434
0.1812
0.261
0.3912
0.3574
0.299
0.0378
0.2144
0.6878
0.4166
0.2566
0.695
-0.009
0.2616
0.7328
0.5086
0.1274
0.7394
-0.117
0.1874
1.002
0.4944
0.1802
1.0056
-0.0962
0.2562
1.3322
0.4124
0.285
1.344
-0.0182
0.4094
1.5234
0.297
0.4152
1.5206
0.1232
-0.0726
-0.207
0.2744
0.5328
-0.19
0.1458
-0.20012
0.00740000000000006
0.25804
0.2494
-0.19324
0.14292
0.19288
0.26036
0.39216
0.3534
0.299
0.03668
0.21664
0.68764
0.41612
0.25612
0.69596
-0.00964
0.2528
0.73104
0.50668
0.13412
0.73892
-0.1186
0.18468
1.00216
0.49216
0.18452
1.0056
-0.0978
0.2546
1.333
0.4116
0.28628
1.3448
-0.019
0.40908
1.52436
0.29652
0.41504
1.5214
0.12272
-0.075
-0.20604
0.27504
0.52176
-0.19048
0.145
-0.19184
0.01732
0.25788
0.2382
-0.1932
0.14244
0.20468
0.2602
0.39288
0.34892
0.29888
0.03568
0.21888
0.68772
0.41576
0.25552
0.6968
-0.01028
0.24376
0.72928
0.50488
0.14144
0.73844
-0.12032
0.18184
1.00244
0.48992
0.18896
1.0056
-0.09952
0.25288
1.3338
0.4108
0.28768
1.3456
-0.01968
0.40864
1.52532
0.29616
0.41476
1.52232
0.12236
-0.07596
-0.20472
0.2758
0.51072
-0.19072
0.14444
-0.18312
0.0266000000000001
0.25772
0.227
-0.19312
0.14196
0.21644
0.26036
0.39352
0.34388
0.29872
0.03488
0.22104
0.68796
0.41544
0.25472
0.6976
-0.01084
0.23456
0.72768
0.50296
0.14912
0.73796
-0.122
0.17896
1.00284
0.48776
0.1936
1.0056
-0.1012
0.25104
1.3346
0.41
0.28904
1.34648
-0.02024
0.40816
1.52628
0.29584
0.41436
1.5232
0.12204
-0.07524
-0.20304
0.2766
0.49968
-0.19096
0.14404
-0.17408
0.03512
0.25752
0.21584
-0.193
0.14148
0.22808
0.26084
0.39408
0.33824
0.29856
0.03428
0.22316
0.6884
0.41532
0.25376
0.6984
-0.01132
0.22524
0.72632
0.50092
0.15708
0.73748
-0.12356
0.176
1.00332
0.48572
0.19836
1.00568
-0.1028
0.24908
1.33544
0.40928
0.29028
1.34744
-0.02068
0.40768
1.52724
0.29552
0.41388
1.52404
0.12172
-0.0728
-0.20104
0.27748
0.48868
-0.19128
0.14376
-0.1648
0.0428
0.2572
0.2048
-0.193
0.141
0.2396
0.2618
0.3944
0.332
0.2984
0.0338
0.2254
0.6892
0.4158
0.2528
0.6992
-0.0118
0.2158
0.7252
0.499
0.1654
0.737
-0.125
0.1728
1.0038
0.4838
0.203
1.006
-0.1044
0.247
1.3364
0.4088
0.2914
1.3484
-0.021
0.4072
1.5282
0.2952
0.4134
1.525
0.1214
-0.0688
-0.1988
0.2786
0.4778
-0.1916
0.1436
-0.15536
0.04904
0.25672
0.19376
-0.193
0.14068
0.2508
0.26324
0.39472
0.32544
0.29808
0.03348
0.22732
0.69016
0.41644
0.25168
0.7
-0.01276
0.2062
0.7244
0.49708
0.17404
0.73668
-0.12644
0.1696
1.00428
0.4822
0.2078
1.00616
-0.106
0.24476
1.33736
0.40816
0.29252
1.34936
-0.02132
0.40656
1.52916
0.29504
0.41292
1.52596
0.12108
-0.06224
-0.19608
0.27988
0.46676
-0.19192
0.14344
-0.1458
0.0542
0.25636
0.18272
-0.19276
0.14036
0.26188
0.26492
0.39492
0.31852
0.29788
0.03352
0.22924
0.69124
0.4166
0.25044
0.70068
-0.01324
0.19672
0.72372
0.49516
0.18304
0.73636
-0.12788
0.16628
1.005
0.4806
0.2126
1.00644
-0.1076
0.24252
1.33832
0.40776
0.2934
1.35032
-0.02164
0.40592
1.53024
0.29488
0.41232
1.52704
0.12088
-0.05412
-0.19312
0.2814
0.45584
-0.19224
0.14316
-0.13612
0.05828
0.25588
0.17176
-0.19244
0.13996
0.27268
0.267
0.39508
0.31132
0.2978
0.0336
0.23108
0.69236
0.41652
0.24916
0.7014
-0.01348
0.1872
0.72324
0.49324
0.1924
0.73612
-0.12916
0.16292
1.00572
0.47908
0.21748
1.00684
-0.10912
0.24028
1.33928
0.40744
0.2942
1.35128
-0.02188
0.40528
1.53144
0.29472
0.41168
1.52816
0.12072
-0.0442799999999999
-0.19008
0.28292
0.44504
-0.19256
0.14292
-0.12636
0.06124
0.25528
0.16092
-0.19212
0.13952
0.28316
0.26948
0.3952
0.30392
0.29784
0.0336
0.2328
0.69356
0.41636
0.24776
0.7022
-0.01368
0.1776
0.72304
0.49136
0.202
0.736
-0.13028
0.15952
1.00644
0.47768
0.22236
1.00736
-0.11056
0.23808
1.34024
0.40712
0.29492
1.35228
-0.02204
0.40464
1.53268
0.2946
0.411
1.52932
0.1206
-0.03272
-0.18704
0.28444
0.43428
-0.19288
0.14272
-0.1166
0.063
0.2548
0.1502
-0.1918
0.1392
0.2934
0.2722
0.3952
0.2964
0.298
0.0336
0.2344
0.695
0.4162
0.246
0.703
-0.014
0.168
0.7232
0.4896
0.2116
0.736
-0.1314
0.156
1.0074
0.4764
0.227
1.008
-0.112
0.236
1.3412
0.4068
0.2954
1.3534
-0.0222
0.404
1.5338
0.2946
0.4102
1.5306
0.1206
-0.0196
-0.184
0.2862
0.4234
-0.1932
0.1424
-0.10652
0.06316
0.254
0.13932
-0.19148
0.13888
0.30332
0.27508
0.3952
0.28856
0.29832
0.03376
0.23584
0.6966
0.41588
0.24424
0.7038
-0.01416
0.15856
0.72352
0.48784
0.22168
0.73632
-0.13252
0.15248
1.00852
0.47512
0.2318
1.00864
-0.11344
0.23392
1.34232
0.40648
0.29588
1.35452
-0.0222
0.40336
1.53508
0.2946
0.40956
1.53172
0.1206
-0.00455999999999979
-0.18112
0.28828
0.41252
-0.19336
0.14224
-0.0962000000000001
0.06212
0.2532
0.12844
-0.19104
0.13844
0.31288
0.2782
0.3952
0.28084
0.29864
0.03392
0.23704
0.69832
0.41568
0.24236
0.7046
-0.01444
0.14924
0.7242
0.4862
0.23188
0.73688
-0.1334
0.14896
1.00964
0.47396
0.23636
1.0094
-0.11476
0.23208
1.34344
0.40628
0.29624
1.35576
-0.0222
0.4026
1.53624
0.2946
0.40892
1.53296
0.12048
0.0119199999999999
-0.17848
0.29036
0.40164
-0.19364
0.14208
-0.0856399999999999
0.05988
0.25224
0.11764
-0.19064
0.13804
0.32216
0.28156
0.3952
0.273
0.29896
0.03416
0.23808
0.70008
0.41544
0.24028
0.70532
-0.01476
0.14004
0.72508
0.4846
0.2422
0.7376
-0.13412
0.14552
1.01084
0.47284
0.24084
1.01028
-0.11604
0.2304
1.34456
0.40612
0.29648
1.35696
-0.0222
0.40188
1.53736
0.2946
0.40828
1.53416
0.1204
0.0296800000000001
-0.17608
0.29252
0.39084
-0.19396
0.14184
-0.07484
0.05656
0.25116
0.10688
-0.19028
0.13772
0.33116
0.28508
0.3952
0.265
0.29932
0.03444
0.23896
0.70184
0.41508
0.23804
0.706
-0.01512
0.13092
0.72612
0.48304
0.2526
0.73848
-0.13472
0.14216
1.01212
0.47172
0.24524
1.01124
-0.11732
0.22884
1.34568
0.40596
0.2966
1.35808
-0.0222
0.40128
1.53848
0.2946
0.40764
1.53528
0.1204
0.0486000000000001
-0.17396
0.29476
0.38008
-0.19428
0.14156
-0.0638
0.0524
0.2502
0.096
-0.1898
0.1374
0.3398
0.2886
0.3952
0.257
0.2998
0.0346
0.2396
0.7036
0.4146
0.2358
0.7068
-0.0156
0.1218
0.7274
0.4816
0.263
0.7396
-0.1352
0.1388
1.0134
0.4706
0.2494
1.0122
-0.1186
0.2274
1.3468
0.4058
0.2966
1.3592
-0.0222
0.4008
1.5396
0.2946
0.407
1.5364
0.1204
0.0686
-0.1722
0.297
0.3692
-0.1946
0.1414
-0.0517999999999998
0.0467999999999999
0.2494
0.0852799999999999
-0.18932
0.13692
0.34812
0.29196
0.39504
0.24884
0.30028
0.03492
0.24024
0.70536
0.41396
0.23372
0.70728
-0.0156
0.11316
0.72884
0.48016
0.2734
0.74104
-0.13568
0.1356
1.01468
0.46948
0.25324
1.01332
-0.11972
0.22612
1.34776
0.40564
0.29676
1.36048
-0.02204
0.40016
1.54056
0.2946
0.40636
1.53736
0.12056
0.0892400000000003
-0.17124
0.29924
0.35832
-0.19476
0.14124
-0.0393199999999999
0.0403599999999999
0.24848
0.0744399999999999
-0.18872
0.13656
0.35596
0.29544
0.39488
0.24056
0.30076
0.03524
0.24064
0.707
0.41332
0.2314
0.70788
-0.01572
0.1044
0.73052
0.4792
0.28392
0.74272
-0.13592
0.13252
1.01608
0.46848
0.25696
1.01444
-0.12084
0.22508
1.34872
0.4056
0.29668
1.36164
-0.02188
0.39952
1.5414
0.29472
0.40572
1.53832
0.1206
0.11048
-0.17088
0.30148
0.34744
-0.19492
0.14096
-0.0261999999999999
0.0330799999999999
0.24768
0.0636399999999999
-0.188
0.13624
0.3634
0.2988
0.39472
0.23216
0.30124
0.03556
0.24096
0.7086
0.4126
0.229
0.70844
-0.01596
0.0959199999999999
0.73228
0.47824
0.2944
0.74456
-0.136
0.12948
1.01744
0.4676
0.26056
1.01556
-0.12188
0.2242
1.3496
0.4056
0.2966
1.36268
-0.02172
0.39896
1.5422
0.2948
0.40508
1.5392
0.12068
0.13216
-0.17096
0.30372
0.33664
-0.19524
0.1408
-0.01244
0.025
0.24704
0.05288
-0.1872
0.13592
0.37044
0.302
0.39456
0.22368
0.30176
0.03588
0.24124
0.7102
0.4118
0.22656
0.70888
-0.01628
0.08784
0.73404
0.47716
0.30476
0.74652
-0.13596
0.12652
1.01868
0.4668
0.26396
1.01668
-0.12288
0.2234
1.3504
0.40564
0.29656
1.36364
-0.02156
0.39848
1.54292
0.29484
0.40448
1.53996
0.1208
0.15424
-0.1714
0.30592
0.32584
-0.19564
0.14076
0.0018
0.0162
0.2464
0.042
-0.1864
0.1356
0.377
0.3052
0.3944
0.2152
0.3024
0.0362
0.2414
0.7118
0.411
0.224
0.7092
-0.0166
0.08
0.7358
0.4762
0.315
0.7486
-0.1358
0.1238
1.0198
0.466
0.267
1.0178
-0.124
0.2226
1.3512
0.4058
0.2964
1.3646
-0.0214
0.398
1.5434
0.295
0.404
1.5406
0.1208
0.1768
-0.1722
0.308
0.3148
-0.1958
0.1406
0.0168400000000002
0.00643999999999986
0.24592
0.0312799999999998
-0.18544
0.13528
0.38308
0.30808
0.39392
0.20672
0.30288
0.03652
0.24156
0.71324
0.41036
0.22128
0.70968
-0.01692
0.0724799999999999
0.73756
0.4754
0.32508
0.75116
-0.13548
0.12108
1.02108
0.46536
0.27004
1.01876
-0.12512
0.22228
1.35168
0.4058
0.29624
1.3654
-0.02124
0.39768
1.54388
0.29516
0.40368
1.54124
0.12096
0.19968
-0.17316
0.30992
0.30392
-0.19612
0.14044
0.0323600000000002
-0.00380000000000011
0.24544
0.0205599999999999
-0.18436
0.13508
0.38868
0.31072
0.39332
0.19824
0.30348
0.03684
0.24172
0.71468
0.40984
0.21868
0.70992
-0.01724
0.0651999999999999
0.73932
0.4746
0.33504
0.75372
-0.13504
0.11848
1.02212
0.46484
0.27272
1.01972
-0.12612
0.22196
1.35204
0.40568
0.2962
1.3662
-0.02108
0.39736
1.54424
0.29532
0.40336
1.54164
0.12112
0.22292
-0.17424
0.3116
0.29292
-0.19644
0.14028
0.0483600000000001
-0.0145200000000001
0.24512
0.00983999999999993
-0.18316
0.13476
0.3938
0.31312
0.39276
0.18984
0.30412
0.03716
0.2418
0.71596
0.40944
0.21612
0.71008
-0.01748
0.05824
0.741
0.47396
0.34488
0.75636
-0.13448
0.11592
1.02308
0.46444
0.27528
1.02068
-0.12708
0.2218
1.35228
0.40568
0.29612
1.36684
-0.02084
0.39704
1.54448
0.29548
0.40304
1.54196
0.12128
0.24644
-0.17528
0.31312
0.28188
-0.19668
0.14012
0.0648400000000001
-0.02568
0.24504
-0.000880000000000038
-0.18188
0.13432
0.3984
0.31528
0.3922
0.18152
0.3048
0.03744
0.2418
0.71708
0.4092
0.21356
0.71024
-0.01764
0.05164
0.7426
0.47352
0.35456
0.75912
-0.1338
0.1134
1.02404
0.46408
0.27776
1.0216
-0.128
0.22176
1.35244
0.40584
0.29596
1.36732
-0.02056
0.39676
1.5446
0.29564
0.40276
1.54224
0.12144
0.2702
-0.17628
0.31452
0.27084
-0.19688
0.13996
0.0818
-0.0372
0.2452
-0.0116
-0.1806
0.134
0.4024
0.3172
0.3914
0.1732
0.3056
0.0376
0.2418
0.7182
0.4092
0.211
0.7104
-0.0178
0.0454
0.7442
0.4732
0.364
0.762
-0.133
0.111
1.025
0.4636
0.28
1.0224
-0.1288
0.2216
1.3526
0.406
0.2958
1.3678
-0.0204
0.3966
1.5446
0.2958
0.4026
1.5424
0.1216
0.2942
-0.1774
0.3158
0.2598
-0.1972
0.1398
0.0995600000000003
-0.0492000000000002
0.24536
-0.0223200000000002
-0.179
0.13384
0.40576
0.31864
0.3906
0.1652
0.3064
0.0376
0.2418
0.719
0.40936
0.2086
0.7104
-0.01796
0.0394799999999999
0.74564
0.47288
0.37312
0.7652
-0.1322
0.10892
1.02564
0.46376
0.28208
1.02304
-0.12976
0.22176
1.3526
0.406
0.29548
1.36812
-0.02008
0.3966
1.54428
0.29612
0.40244
1.54224
0.12176
0.31836
-0.17836
0.31692
0.24876
-0.19736
0.13948
0.1178
-0.0612000000000001
0.24564
-0.0330400000000001
-0.17728
0.13356
0.40852
0.31996
0.3898
0.15732
0.30732
0.0376
0.2418
0.7198
0.40952
0.2062
0.71052
-0.01812
0.03392
0.74696
0.47268
0.38188
0.7684
-0.1314
0.10684
1.02628
0.4638
0.28404
1.02368
-0.1306
0.22192
1.35248
0.40624
0.29528
1.36832
-0.01988
0.3966
1.54408
0.29632
0.4024
1.54208
0.12204
0.34264
-0.17908
0.3178
0.2376
-0.19764
0.13928
0.13644
-0.0732800000000001
0.24604
-0.0437600000000001
-0.17544
0.13324
0.41076
0.32092
0.389
0.14956
0.3082
0.0376
0.24172
0.72044
0.40968
0.20388
0.71052
-0.0182
0.02872
0.74824
0.4726
0.39044
0.77168
-0.13052
0.10484
1.02684
0.4638
0.28588
1.02424
-0.1314
0.22216
1.35216
0.40648
0.29504
1.36832
-0.01964
0.3966
1.54376
0.29656
0.4024
1.54192
0.12228
0.36696
-0.17948
0.3186
0.2264
-0.19796
0.13904
0.15552
-0.0854
0.24656
-0.05444
-0.17352
0.13288
0.41244
0.32148
0.38816
0.14196
0.30904
0.03756
0.24156
0.7208
0.4098
0.20168
0.7104
-0.0182
0.02388
0.74944
0.47264
0.3988
0.77504
-0.12956
0.10296
1.02732
0.4638
0.2876
1.02468
-0.13216
0.22248
1.35172
0.40668
0.29472
1.36816
-0.01932
0.3966
1.54328
0.29688
0.40244
1.54168
0.12248
0.39128
-0.17956
0.31932
0.21516
-0.19824
0.13876
0.1752
-0.0974
0.2472
-0.065
-0.1716
0.1324
0.4134
0.3218
0.3872
0.1346
0.31
0.0374
0.2414
0.7208
0.4098
0.1996
0.7104
-0.0182
0.0194
0.7504
0.4728
0.4068
0.7784
-0.1286
0.1012
1.0278
0.4638
0.2892
1.025
-0.1328
0.2228
1.3514
0.407
0.2944
1.368
-0.019
0.3966
1.5428
0.2972
0.4026
1.5412
0.1228
0.4156
-0.1794
0.3198
0.2038
-0.1984
0.1386
0.1952
-0.10908
0.248
-0.0757200000000002
-0.16936
0.13208
0.41372
0.32164
0.38608
0.12756
0.3108
0.0374
0.24124
0.72064
0.40964
0.19768
0.71008
-0.01788
0.0152399999999999
0.7512
0.47312
0.41448
0.78208
-0.12764
0.09976
1.02812
0.46412
0.29048
1.02532
-0.1336
0.22312
1.35092
0.40716
0.29424
1.36768
-0.01868
0.39692
1.54216
0.29736
0.40276
1.54072
0.12312
0.43992
-0.17876
0.32028
0.19244
-0.19872
0.13828
0.21544
-0.1204
0.24868
-0.0863200000000001
-0.16712
0.13176
0.41344
0.321
0.38484
0.12088
0.3116
0.0374
0.24084
0.72036
0.4096
0.19576
0.70988
-0.01768
0.01156
0.752
0.47368
0.4218
0.78564
-0.12668
0.09832
1.02832
0.46456
0.29176
1.02552
-0.13416
0.22344
1.35032
0.40756
0.29396
1.36724
-0.01836
0.39712
1.5414
0.29776
0.40292
1.54
0.12344
0.46388
-0.17752
0.32064
0.18108
-0.19892
0.13796
0.23584
-0.13112
0.2494
-0.0968800000000001
-0.1648
0.13136
0.41272
0.31996
0.38348
0.1144
0.3124
0.03732
0.24044
0.71988
0.40968
0.194
0.70956
-0.01752
0.00819999999999998
0.75264
0.47424
0.42868
0.78924
-0.12564
0.09696
1.0284
0.46496
0.29288
1.0256
-0.13472
0.22384
1.3496
0.40796
0.29372
1.36676
-0.01796
0.39736
1.54052
0.29816
0.40316
1.5392
0.12376
0.4874
-0.17568
0.32088
0.16972
-0.19916
0.13764
0.25624
-0.1412
0.25024
-0.10744
-0.1624
0.13092
0.41168
0.3186
0.38204
0.10816
0.31316
0.0372
0.24012
0.71916
0.40988
0.1924
0.70912
-0.01732
0.00511999999999999
0.75312
0.47484
0.43516
0.79292
-0.12456
0.09576
1.0284
0.46536
0.2938
1.0256
-0.13532
0.22432
1.3488
0.40832
0.29356
1.36624
-0.01748
0.39768
1.53956
0.29848
0.40348
1.5384
0.12412
0.51032
-0.17316
0.32096
0.15832
-0.19948
0.13732
0.2764
-0.1508
0.2512
-0.118
-0.16
0.1306
0.4104
0.317
0.3806
0.1024
0.3138
0.0372
0.2398
0.7182
0.4102
0.1908
0.7088
-0.017
0.0024
0.7536
0.4758
0.4414
0.7966
-0.1236
0.0948
1.0284
0.466
0.2946
1.0256
-0.1358
0.2248
1.348
0.4088
0.2934
1.3656
-0.017
0.398
1.5386
0.2988
0.4038
1.5376
0.1246
0.5324
-0.1698
0.3208
0.1468
-0.1998
0.137
0.29592
-0.15912
0.25232
-0.1284
-0.15744
0.13012
0.40848
0.31524
0.379
0.0971199999999999
0.31428
0.03704
0.23948
0.71724
0.41036
0.18952
0.70816
-0.01668
0.000159999999999968
0.75376
0.4766
0.447
0.80012
-0.12264
0.09384
1.02808
0.46648
0.29524
1.02544
-0.13612
0.22528
1.34704
0.40928
0.2934
1.3648
-0.01652
0.39848
1.53748
0.29928
0.40412
1.53648
0.12492
0.55352
-0.1658
0.32032
0.13528
-0.19996
0.13668
0.31472
-0.1666
0.25332
-0.1388
-0.15476
0.12964
0.40656
0.31324
0.3774
0.0921999999999999
0.31476
0.037
0.23916
0.71592
0.41064
0.18824
0.70764
-0.01636
-0.00172000000000002
0.7538
0.47764
0.45212
0.80364
-0.12156
0.09312
1.02776
0.46708
0.29576
1.02528
-0.13644
0.22588
1.34608
0.40976
0.2934
1.364
-0.01592
0.39896
1.53636
0.29976
0.40444
1.53536
0.12536
0.57332
-0.16132
0.31948
0.12364
-0.20024
0.13636
0.33272
-0.17324
0.2542
-0.14912
-0.15188
0.12916
0.40448
0.31108
0.3758
0.08764
0.31508
0.03692
0.23892
0.71448
0.41088
0.18712
0.707
-0.01596
-0.00332000000000001
0.75372
0.47868
0.45684
0.807
-0.12052
0.09256
1.02736
0.46772
0.29608
1.02504
-0.13676
0.22644
1.34504
0.41024
0.2934
1.36312
-0.01536
0.39936
1.53516
0.30024
0.40476
1.53424
0.12592
0.59188
-0.15644
0.31836
0.11204
-0.20056
0.13604
0.3498
-0.17904
0.255
-0.15932
-0.14884
0.12868
0.40224
0.30884
0.3742
0.08348
0.31524
0.03676
0.2388
0.71296
0.41108
0.1862
0.70624
-0.01548
-0.00464
0.75348
0.47972
0.46116
0.81016
-0.11952
0.09212
1.02684
0.46844
0.2962
1.02468
-0.13704
0.22692
1.34392
0.41076
0.2934
1.36216
-0.01484
0.39972
1.53388
0.30072
0.40508
1.53308
0.12652
0.60916
-0.15124
0.31704
0.10048
-0.20084
0.13572
0.3658
-0.184
0.2558
-0.1694
-0.1458
0.1282
0.4
0.3066
0.3726
0.0798
0.3154
0.0366
0.2388
0.7112
0.4114
0.1854
0.7056
-0.015
-0.0056
0.753
0.481
0.465
0.8132
-0.1184
0.0918
1.0262
0.4694
0.2962
1.0242
-0.1372
0.2274
1.3428
0.4114
0.2934
1.3612
-0.0142
0.4002
1.5326
0.3012
0.4054
1.5318
0.127
0.625
-0.1458
0.3156
0.0888
-0.201
0.1354
0.37988
-0.188
0.25628
-0.17932
-0.14228
0.12788
0.39808
0.30452
0.37116
0.07676
0.31524
0.03644
0.2388
0.7096
0.41172
0.18476
0.7048
-0.01484
-0.00624000000000001
0.75236
0.48228
0.4682
0.81608
-0.11728
0.09164
1.0254
0.4702
0.29604
1.02372
-0.1372
0.22804
1.34152
0.4122
0.2934
1.36008
-0.0134
0.40084
1.53132
0.30184
0.40572
1.53052
0.12764
0.6386
-0.14052
0.314
0.0771199999999998
-0.20132
0.13508
0.39192
-0.19152
0.2564
-0.18912
-0.13852
0.12732
0.39628
0.30244
0.36972
0.07432
0.31508
0.03628
0.23904
0.70788
0.41204
0.18424
0.70388
-0.01444
-0.0064
0.7516
0.48356
0.47104
0.8186
-0.11616
0.09172
1.02448
0.47124
0.29564
1.02324
-0.13732
0.22856
1.34024
0.41288
0.2934
1.35896
-0.01272
0.40136
1.53004
0.30236
0.40616
1.52924
0.12828
0.65004
-0.13548
0.31204
0.0655599999999999
-0.20164
0.13488
0.40184
-0.19448
0.25624
-0.19864
-0.13452
0.12676
0.39484
0.30036
0.36828
0.07232
0.31476
0.03612
0.23936
0.7062
0.41244
0.18384
0.703
-0.01404
-0.00624
0.75064
0.48492
0.47344
0.82092
-0.11504
0.09196
1.02352
0.47236
0.29508
1.02268
-0.13732
0.22912
1.33888
0.4136
0.29348
1.35784
-0.012
0.40184
1.52868
0.30292
0.40656
1.52788
0.12892
0.65932
-0.13084
0.30964
0.0539599999999999
-0.20196
0.13464
0.40968
-0.19688
0.25584
-0.20784
-0.13028
0.12628
0.39384
0.29832
0.36688
0.07076
0.31424
0.03596
0.23976
0.7046
0.41292
0.18364
0.70212
-0.01368
-0.00584
0.74952
0.4864
0.47536
0.82304
-0.11392
0.0924
1.02248
0.47352
0.2944
1.022
-0.13712
0.22976
1.33744
0.41444
0.2936
1.35672
-0.01116
0.40236
1.52728
0.30356
0.40688
1.52648
0.12956
0.66652
-0.12676
0.30676
0.04228
-0.20228
0.13432
0.4156
-0.1988
0.2552
-0.2168
-0.1258
0.1258
0.3932
0.2964
0.3656
0.0698
0.3136
0.0358
0.2404
0.703
0.4134
0.1838
0.701
-0.0132
-0.0052
0.7484
0.488
0.4768
0.8248
-0.1128
0.0932
1.0212
0.4748
0.2936
1.0212
-0.1368
0.2304
1.336
0.4154
0.2936
1.3556
-0.0102
0.403
1.526
0.3042
0.4072
1.5252
0.1302
0.6718
-0.1234
0.3034
0.0306
-0.2026
0.134
0.41864
-0.20024
0.25424
-0.22512
-0.12084
0.12532
0.39272
0.29464
0.36432
0.0698
0.3128
0.03532
0.24104
0.70156
0.41388
0.18412
0.70004
-0.01256
-0.00407999999999998
0.74696
0.4896
0.4776
0.82624
-0.11168
0.09416
1.01976
0.47624
0.29264
1.02056
-0.13648
0.23088
1.33456
0.4162
0.29376
1.35448
-0.00923999999999999
0.40348
1.52456
0.30484
0.40752
1.52376
0.131
0.67436
-0.12164
0.29988
0.0189199999999998
-0.20292
0.13384
0.41964
-0.2012
0.25316
-0.2332
-0.11552
0.12484
0.39248
0.29312
0.36316
0.07028
0.31176
0.03496
0.24192
0.70012
0.41424
0.18468
0.69896
-0.01204
-0.00247999999999998
0.7454
0.49132
0.47804
0.82732
-0.11056
0.09524
1.01832
0.47768
0.29144
1.0198
-0.13604
0.23148
1.33312
0.41724
0.2938
1.35336
-0.00827999999999999
0.40384
1.52324
0.3056
0.40784
1.52244
0.1318
0.67524
-0.12144
0.29636
0.00735999999999988
-0.20324
0.13344
0.41868
-0.20184
0.25196
-0.2408
-0.10976
0.12436
0.39248
0.29168
0.36212
0.0714
0.31056
0.03456
0.24304
0.69876
0.41456
0.18548
0.69784
-0.01148
-0.000639999999999986
0.74372
0.49308
0.47804
0.82812
-0.10944
0.09652
1.01672
0.4792
0.29008
1.019
-0.13556
0.23212
1.33176
0.41836
0.2938
1.35224
-0.00731999999999999
0.40424
1.52204
0.3064
0.40808
1.52116
0.1326
0.67444
-0.12256
0.29284
-0.00416000000000008
-0.20348
0.13312
0.41716
-0.2018
0.25128
-0.24544
-0.10484
0.12408
0.39256
0.29076
0.36164
0.07316
0.30956
0.03424
0.244
0.6978
0.4148
0.18632
0.69704
-0.01088
0.000960000000000002
0.7424
0.49448
0.47792
0.82864
-0.10844
0.09772
1.01548
0.48052
0.28912
1.01844
-0.13508
0.23268
1.33088
0.41924
0.2938
1.35148
-0.00656
0.40476
1.52132
0.307
0.40832
1.52032
0.13324
0.67308
-0.12392
0.29068
-0.01252
-0.2036
0.13292
0.4178
-0.2002
0.2524
-0.2424
-0.1034
0.1244
0.3924
0.2914
0.3626
0.0754
0.3094
0.0344
0.244
0.6978
0.4148
0.1868
0.6972
-0.0104
0.0016
0.7424
0.4948
0.4784
0.8288
-0.1078
0.0982
1.0158
0.481
0.2896
1.0186
-0.1346
0.233
1.3312
0.4194
0.2938
1.3518
-0.0064
0.4054
1.5218
0.307
0.4088
1.5208
0.1334
0.6734
-0.1236
0.2926
-0.0114
-0.2036
0.1326
0.41156
-0.20004
0.25128
-0.2472
-0.0955599999999999
0.12408
0.39304
0.29028
0.3626
0.0795600000000001
0.3078
0.03408
0.24544
0.69732
0.4156
0.1884
0.69624
-0.00943999999999999
0.00432000000000004
0.7408
0.49656
0.47792
0.82912
-0.10652
0.10028
1.01452
0.4826
0.28848
1.01796
-0.13348
0.23396
1.33024
0.42084
0.2938
1.35132
-0.00527999999999998
0.40604
1.52132
0.30796
0.40928
1.52032
0.13436
0.66844
-0.12792
0.28924
-0.0222800000000002
-0.20392
0.13228
0.40424
-0.19976
0.25028
-0.25116
-0.0873599999999999
0.124
0.39392
0.28928
0.36272
0.0845600000000001
0.3062
0.03352
0.24676
0.69696
0.4164
0.19024
0.69516
-0.00847999999999999
0.00740000000000004
0.7392
0.49832
0.47708
0.8292
-0.10524
0.10272
1.01324
0.48444
0.28712
1.01744
-0.13224
0.23504
1.3294
0.42228
0.29368
1.35084
-0.00403999999999999
0.40668
1.52096
0.30904
0.40964
1.51984
0.13544
0.6624
-0.13284
0.28624
-0.0325600000000001
-0.204
0.13196
0.39656
-0.19944
0.24932
-0.25484
-0.0790399999999999
0.124
0.39488
0.28832
0.36288
0.0898400000000001
0.3046
0.03288
0.24804
0.69664
0.4172
0.19216
0.69404
-0.00751999999999999
0.0106
0.7376
0.50008
0.47612
0.8292
-0.10396
0.10528
1.01196
0.48636
0.28568
1.01696
-0.13096
0.23616
1.3286
0.42372
0.29352
1.35036
-0.00275999999999999
0.40732
1.52064
0.31016
0.40996
1.51936
0.13656
0.656
-0.13796
0.28336
-0.0426400000000001
-0.204
0.13164
