0.3892
-0.199
0.249
-0.256
-0.0718
0.1236
0.3954
0.288
0.3634
0.0952
0.303
0.0324
0.2488
0.6968
0.418
0.1936
0.6932
-0.0068
0.0138
0.7364
0.5016
0.4744
0.8286
-0.1028
0.1074
1.011
0.4878
0.2844
1.0168
-0.1296
0.237
1.3282
0.4248
0.2936
1.3502
-0.0018
0.4076
1.5206
0.3108
0.4102
1.5192
0.1372
0.6502
-0.1428
0.282
-0.0492
-0.2036
0.1314
0.37412
-0.19804
0.24812
-0.25708
-0.0568
0.12332
0.39628
0.28708
0.36464
0.10628
0.30008
0.03116
0.24996
0.69712
0.41944
0.19696
0.69156
-0.0054
0.02064
0.7338
0.50496
0.47084
0.82732
-0.10108
0.1122
1.00912
0.49068
0.28168
1.01616
-0.12712
0.23872
1.32732
0.42696
0.29336
1.35
-7.99999999999997e-05
0.40856
1.5204
0.31228
0.41088
1.5188
0.13884
0.63776
-0.15208
0.27932
-0.06204
-0.2034
0.13092
0.35788
-0.197
0.2478
-0.25548
-0.04096
0.12292
0.39644
0.28644
0.36624
0.11908
0.29696
0.0298
0.25092
0.69792
0.42104
0.20032
0.69004
-0.00412
0.0284
0.7314
0.50832
0.46604
0.8254
-0.09916
0.11724
1.00752
0.49364
0.27848
1.01592
-0.12416
0.24056
1.32692
0.42912
0.29304
1.35008
0.00176
0.40952
1.52048
0.31388
0.41136
1.5188
0.14028
0.62416
-0.16072
0.2778
-0.07372
-0.2034
0.13044
0.3412
-0.19592
0.2478
-0.25104
-0.02452
0.12268
0.39548
0.28608
0.36816
0.133
0.29384
0.02848
0.2514
0.699
0.4226
0.2038
0.68848
-0.00268
0.03716
0.72912
0.5118
0.46028
0.82288
-0.09736
0.12276
1.00608
0.49676
0.275
1.0158
-0.12092
0.24236
1.3268
0.43116
0.29256
1.35056
0.00344
0.41048
1.52072
0.31532
0.41184
1.51892
0.14184
0.61
-0.1684
0.27696
-0.08368
-0.20328
0.12984
0.3244
-0.19496
0.24812
-0.24424
-0.00796
0.1226
0.39324
0.28568
0.37024
0.14804
0.29104
0.0272
0.2514
0.7002
0.42396
0.2074
0.6872
-0.00124
0.04676
0.72696
0.5154
0.4534
0.81992
-0.09568
0.12844
1.00496
0.49972
0.27108
1.0158
-0.11756
0.24428
1.32696
0.43308
0.29192
1.35128
0.00496
0.41128
1.52112
0.31676
0.41232
1.51932
0.14336
0.5956
-0.1748
0.2768
-0.09144
-0.20256
0.12896
0.3078
-0.1942
0.2484
-0.2352
0.0084
0.1228
0.3896
0.2854
0.3722
0.164
0.2888
0.026
0.251
0.7016
0.4256
0.2108
0.6862
0
0.0572
0.725
0.5192
0.4454
0.8166
-0.094
0.1346
1.0042
0.5028
0.2668
1.016
-0.114
0.2464
1.3274
0.4348
0.291
1.3524
0.0064
0.412
1.5216
0.3182
0.4128
1.5198
0.1446
0.5808
-0.18
0.2772
-0.0964
-0.2012
0.1278
0.29144
-0.19372
0.24864
-0.2242
0.0236
0.12332
0.38436
0.28516
0.37408
0.18036
0.28724
0.02508
0.2498
0.70308
0.42704
0.21396
0.68556
0.00128
0.0686
0.72356
0.52288
0.43636
0.81296
-0.09232
0.14064
1.00356
0.50568
0.2622
1.01648
-0.1104
0.24836
1.32816
0.43644
0.28976
1.35364
0.0076
0.41268
1.52236
0.3194
0.41324
1.52056
0.1458
0.56584
-0.1832
0.27768
-0.0976
-0.19892
0.12652
0.27488
-0.1934
0.2488
-0.2118
0.03744
0.1242
0.3778
0.28492
0.3756
0.19692
0.2866
0.02436
0.2486
0.70468
0.42856
0.21724
0.6854
0.0028
0.08076
0.7222
0.5268
0.42628
0.80904
-0.09064
0.14696
1.0034
0.50848
0.25724
1.01704
-0.1068
0.25044
1.3292
0.43788
0.28824
1.35516
0.00872
0.41316
1.52324
0.32052
0.41348
1.52152
0.147
0.55032
-0.18536
0.278
-0.09528
-0.1958
0.12484
0.2582
-0.1934
0.2488
-0.19824
0.04932
0.1254
0.37
0.28468
0.37656
0.21336
0.28696
0.02388
0.24728
0.70612
0.43
0.22012
0.68576
0.00388
0.0936
0.72112
0.5304
0.41548
0.80484
-0.08896
0.1532
1.00352
0.51112
0.25196
1.01776
-0.10332
0.25248
1.3304
0.4392
0.28644
1.35684
0.00968
0.41364
1.52408
0.32148
0.41372
1.5226
0.14808
0.53448
-0.1868
0.27788
-0.08916
-0.19208
0.12304
0.24172
-0.19324
0.2488
-0.18368
0.05892
0.12692
0.36096
0.28428
0.37696
0.22952
0.28816
0.02364
0.24568
0.70756
0.4312
0.22292
0.68664
0.005
0.10696
0.72048
0.53384
0.4038
0.80068
-0.08744
0.15936
1.00392
0.5136
0.24652
1.01848
-0.09996
0.25448
1.33176
0.44024
0.28452
1.35868
0.01048
0.41396
1.5252
0.32244
0.4138
1.5238
0.14888
0.51864
-0.188
0.27748
-0.0794
-0.18808
0.12096
0.2254
-0.1932
0.2486
-0.1686
0.066
0.1286
0.3508
0.2836
0.377
0.2454
0.2904
0.0234
0.244
0.7088
0.4322
0.2254
0.6882
0.006
0.1202
0.7204
0.538
0.3914
0.7966
-0.0858
0.1654
1.0046
0.5158
0.2408
1.0194
-0.0968
0.2562
1.3332
0.4412
0.2822
1.3606
0.0112
0.4142
1.5264
0.323
0.4138
1.5252
0.1496
0.5028
-0.1888
0.2772
-0.0658
-0.184
0.1186
0.20912
-0.19296
0.24836
-0.15276
0.06972
0.13056
0.33992
0.28316
0.37672
0.26044
0.2936
0.02344
0.24176
0.71004
0.43316
0.22752
0.69016
0.00692
0.13516
0.71988
0.53952
0.37836
0.79276
-0.0844
0.17116
1.0056
0.51792
0.23476
1.0204
-0.09396
0.25784
1.33488
0.44192
0.28
1.36252
0.01168
0.41444
1.52784
0.32348
0.4138
1.52688
0.15008
0.48692
-0.18972
0.27696
-0.048
-0.17972
0.116
0.19304
-0.19272
0.2482
-0.13676
0.07076
0.1328
0.32856
0.28284
0.37632
0.275
0.29744
0.0236
0.23912
0.7114
0.43404
0.22936
0.69248
0.00764
0.1494
0.7206
0.54248
0.36476
0.789
-0.0832
0.17676
1.00688
0.51976
0.22852
1.0216
-0.09132
0.25928
1.33664
0.44264
0.2776
1.36444
0.01216
0.4146
1.52936
0.32388
0.4138
1.52856
0.15048
0.47092
-0.19044
0.27672
-0.02672
-0.1758
0.1136
0.17696
-0.19236
0.24808
-0.1202
0.06884
0.1352
0.3168
0.28248
0.37596
0.28904
0.30188
0.0236
0.23624
0.71248
0.43464
0.23116
0.695
0.00872
0.16368
0.7218
0.545
0.3506
0.78564
-0.08212
0.18204
1.00832
0.52156
0.22216
1.02292
-0.08892
0.2606
1.33868
0.44324
0.27532
1.36636
0.01252
0.4146
1.53116
0.32412
0.41368
1.53024
0.1506
0.45508
-0.19116
0.27648
-0.00235999999999997
-0.17256
0.11132
0.16088
-0.19188
0.24784
-0.10308
0.0646
0.13744
0.30448
0.2824
0.37548
0.3024
0.3066
0.02392
0.23312
0.7136
0.43496
0.23244
0.69788
0.00904
0.178
0.72348
0.54724
0.33604
0.78252
-0.08116
0.187
1.00992
0.52348
0.21584
1.02436
-0.08676
0.2618
1.34068
0.44356
0.27316
1.36828
0.01292
0.41476
1.53292
0.3242
0.4136
1.53208
0.15076
0.43924
-0.19172
0.2764
0.02476
-0.17
0.10916
0.1448
-0.1914
0.2478
-0.0852
0.058
0.1396
0.2918
0.2824
0.375
0.315
0.3116
0.024
0.2298
0.7146
0.4352
0.2334
0.701
0.009
0.1922
0.7258
0.5492
0.3212
0.7798
-0.0804
0.1918
1.0118
0.5252
0.2094
1.0262
-0.0848
0.2628
1.3428
0.4438
0.2712
1.3702
0.0132
0.4148
1.5346
0.3242
0.4134
1.5338
0.1506
0.4232
-0.1924
0.2764
0.054
-0.1684
0.1074
0.12868
-0.19092
0.2476
-0.06592
0.04908
0.1414
0.2788
0.28244
0.37496
0.32684
0.3166
0.0238
0.2262
0.71532
0.43496
0.23424
0.70372
0.00968
0.20632
0.72848
0.5504
0.30628
0.77748
-0.07996
0.19588
1.01372
0.52684
0.20316
1.02792
-0.08292
0.26352
1.34496
0.444
0.26956
1.37188
0.01344
0.41476
1.53628
0.32396
0.4132
1.53528
0.15056
0.40712
-0.19272
0.27616
0.08512
-0.16836
0.106
0.11244
-0.19036
0.24752
-0.04576
0.03828
0.14284
0.26552
0.28268
0.3748
0.33764
0.32132
0.0238
0.2226
0.71596
0.43472
0.23568
0.70668
0.01008
0.22016
0.73144
0.55136
0.29108
0.77548
-0.07964
0.1998
1.01564
0.52828
0.197
1.02984
-0.08132
0.26424
1.34712
0.444
0.26812
1.3734
0.0136
0.4146
1.5378
0.32372
0.41312
1.5368
0.15032
0.39104
-0.19328
0.27592
0.11728
-0.16948
0.1048
0.09636
-0.18976
0.24728
-0.02416
0.02568
0.1444
0.25184
0.28292
0.3748
0.3476
0.32564
0.0238
0.219
0.71644
0.43436
0.23688
0.70932
0.01044
0.23372
0.7348
0.55184
0.27572
0.77356
-0.07928
0.20328
1.01756
0.52972
0.19112
1.03164
-0.08012
0.26484
1.34916
0.444
0.2668
1.3746
0.01372
0.41448
1.539
0.32348
0.41288
1.53788
0.14996
0.37496
-0.19376
0.27568
0.15052
-0.17104
0.10384
0.08012
-0.18912
0.24688
-0.00175999999999999
0.01144
0.1456
0.23792
0.28332
0.37448
0.35672
0.32956
0.02396
0.2154
0.7166
0.43372
0.23768
0.71164
0.01092
0.247
0.7384
0.552
0.26052
0.77204
-0.0792
0.20632
1.01932
0.531
0.18536
1.03332
-0.079
0.26532
1.35092
0.444
0.26576
1.37564
0.0138
0.4144
1.54004
0.32308
0.41264
1.53884
0.14964
0.35872
-0.19432
0.2756
0.18468
-0.17304
0.10328
0.064
-0.1884
0.2466
0.0218
-0.0042
0.1464
0.224
0.2836
0.3742
0.365
0.333
0.0242
0.2118
0.7166
0.4332
0.2382
0.7136
0.0112
0.2598
0.742
0.552
0.2456
0.7706
-0.0792
0.209
1.021
0.5324
0.1796
1.0348
-0.0778
0.2658
1.3522
0.4438
0.2648
1.3762
0.0138
0.4142
1.5408
0.3226
0.4124
1.5394
0.1492
0.3424
-0.1948
0.2754
0.2198
-0.175
0.1028
0.04772
-0.18764
0.24636
0.04668
-0.02112
0.14728
0.21028
0.28388
0.37392
0.37184
0.3358
0.02472
0.20848
0.71636
0.43292
0.23872
0.71524
0.0116
0.27196
0.74564
0.55152
0.23104
0.7694
-0.07948
0.21136
1.0222
0.5336
0.17432
1.03596
-0.07708
0.26628
1.35336
0.44356
0.26412
1.3764
0.0138
0.41416
1.54124
0.32212
0.4122
1.53964
0.14872
0.32604
-0.19528
0.27516
0.2556
-0.17692
0.1026
0.03164
-0.18668
0.24612
0.07268
-0.0388
0.14776
0.19652
0.28436
0.37352
0.37776
0.33796
0.02544
0.20536
0.71612
0.43244
0.23928
0.71644
0.01168
0.28364
0.7494
0.55088
0.21688
0.76828
-0.07996
0.21352
1.02332
0.53472
0.1692
1.03684
-0.07636
0.26668
1.35408
0.44332
0.26356
1.37632
0.01372
0.414
1.5414
0.32164
0.41212
1.53972
0.14816
0.30956
-0.19576
0.275
0.29176
-0.17876
0.1026
0.01544
-0.18548
0.246
0.09968
-0.05692
0.148
0.1832
0.28484
0.37316
0.38244
0.3394
0.0264
0.20236
0.71576
0.43208
0.23952
0.71716
0.01168
0.2948
0.753
0.54992
0.20308
0.7672
-0.08056
0.21544
1.02404
0.53568
0.16452
1.03732
-0.07576
0.26692
1.35432
0.44308
0.26308
1.37584
0.0136
0.41388
1.54128
0.32104
0.41188
1.53936
0.14756
0.29312
-0.19624
0.27488
0.32824
-0.18044
0.10284
-0.000719999999999962
-0.1842
0.24584
0.12784
-0.07516
0.148
0.17016
0.28532
0.37284
0.38588
0.34028
0.02744
0.19948
0.71512
0.43184
0.23976
0.71756
0.0116
0.30512
0.75644
0.54896
0.1898
0.76616
-0.08128
0.21712
1.02436
0.53648
0.16012
1.03756
-0.07512
0.26716
1.3544
0.44268
0.26268
1.37496
0.01328
0.4138
1.54088
0.32048
0.4118
1.53888
0.14692
0.27656
-0.19672
0.2748
0.36488
-0.1818
0.10332
-0.0168
-0.1826
0.2458
0.157
-0.0932
0.1476
0.1576
0.2858
0.3724
0.3882
0.3402
0.0288
0.1966
0.7144
0.4316
0.2398
0.7176
0.0112
0.3148
0.7596
0.5478
0.1772
0.7652
-0.082
0.2186
1.0246
0.5372
0.156
1.0374
-0.0746
0.2674
1.354
0.4422
0.2624
1.3738
0.013
0.4138
1.5402
0.3198
0.4118
1.538
0.1462
0.26
-0.1972
0.2748
0.4014
-0.1824
0.1042
-0.03284
-0.18064
0.2456
0.1866
-0.1108
0.14684
0.14568
0.28628
0.37216
0.38904
0.33932
0.03028
0.19404
0.71364
0.4316
0.24004
0.71684
0.01072
0.32356
0.76264
0.5464
0.16508
0.76424
-0.08292
0.21996
1.02432
0.53768
0.15244
1.03712
-0.07432
0.26764
1.35328
0.44172
0.26236
1.37236
0.01252
0.4136
1.5394
0.31908
0.41176
1.537
0.14564
0.2432
-0.19768
0.2746
0.43732
-0.18196
0.10572
-0.04876
-0.1784
0.2456
0.21652
-0.12736
0.1458
0.1344
0.28668
0.37184
0.38896
0.33748
0.03204
0.19188
0.71268
0.43152
0.2402
0.7158
0.01016
0.33132
0.76536
0.54544
0.15372
0.76336
-0.0838
0.22092
1.02384
0.53808
0.14924
1.03648
-0.07392
0.2678
1.3524
0.44116
0.26228
1.37084
0.01196
0.41352
1.5382
0.31828
0.4116
1.53572
0.14476
0.2264
-0.19816
0.27452
0.47236
-0.18012
0.1078
-0.06484
-0.17588
0.2456
0.24616
-0.14272
0.14424
0.12396
0.28692
0.37148
0.38776
0.33496
0.03408
0.18996
0.7116
0.43116
0.2402
0.71436
0.00932
0.33792
0.768
0.5446
0.14292
0.76252
-0.08488
0.22176
1.02324
0.5382
0.14648
1.03552
-0.07368
0.26792
1.3512
0.44044
0.2624
1.36904
0.01124
0.4134
1.53688
0.31744
0.41172
1.53428
0.14404
0.2096
-0.19864
0.2744
0.50584
-0.17688
0.11044
-0.08076
-0.17308
0.24576
0.27488
-0.1564
0.14216
0.11436
0.28716
0.37124
0.38576
0.33176
0.03624
0.18828
0.7104
0.43084
0.24036
0.71252
0.00836
0.34368
0.77008
0.54356
0.13284
0.76156
-0.08584
0.22248
1.02236
0.53804
0.144
1.0344
-0.0736
0.26816
1.34968
0.43972
0.26256
1.36696
0.01052
0.41324
1.53544
0.31656
0.4118
1.53252
0.14316
0.19264
-0.19912
0.27424
0.53712
-0.17224
0.1138
-0.0966
-0.17
0.2458
0.302
-0.1682
0.1402
0.1058
0.2874
0.3712
0.3832
0.3282
0.0382
0.187
0.709
0.4304
0.2406
0.7102
0.007
0.3484
0.7716
0.5424
0.1238
0.7606
-0.0868
0.2228
1.0212
0.5378
0.142
1.0332
-0.0734
0.2682
1.3482
0.4388
0.263
1.3648
0.0096
0.4132
1.5336
0.3156
0.4118
1.5308
0.1422
0.1756
-0.1998
0.2742
0.5658
-0.1666
0.1176
-0.11216
-0.16636
0.24584
0.32704
-0.178
0.13856
0.09852
0.28716
0.3712
0.38032
0.32412
0.04036
0.18608
0.70776
0.42972
0.24132
0.70752
0.00624
0.35184
0.77268
0.541
0.11532
0.75964
-0.08776
0.22276
1.01976
0.53728
0.1404
1.03152
-0.07344
0.26824
1.34628
0.4378
0.26332
1.3626
0.0086
0.41296
1.53188
0.31464
0.4118
1.52888
0.14124
0.15856
-0.20028
0.27392
0.59124
-0.16016
0.12116
-0.12752
-0.16244
0.24608
0.3492
-0.18584
0.13744
0.09236
0.28684
0.3712
0.37744
0.32004
0.04244
0.18544
0.70632
0.42916
0.24212
0.70472
0.00528
0.35424
0.77308
0.53972
0.10788
0.7586
-0.08872
0.22244
1.01824
0.53648
0.13928
1.02984
-0.07368
0.2684
1.34436
0.4366
0.26396
1.3602
0.0074
0.41272
1.53004
0.3136
0.41188
1.52704
0.1402
0.14152
-0.20076
0.27352
0.613
-0.15264
0.12436
-0.14264
-0.158
0.24632
0.36792
-0.19196
0.13732
0.08732
0.28636
0.3712
0.37468
0.31596
0.04436
0.1852
0.70476
0.42844
0.24296
0.70196
0.00432
0.35556
0.77296
0.53828
0.10128
0.7574
-0.08968
0.22184
1.01668
0.5354
0.13856
1.02804
-0.07404
0.2684
1.34244
0.4354
0.26468
1.3578
0.00608
0.41248
1.52824
0.31252
0.412
1.52524
0.139
0.12436
-0.20136
0.27328
0.6304
-0.14532
0.12736
-0.1572
-0.15288
0.24672
0.38224
-0.19636
0.13772
0.0834
0.28556
0.37152
0.3722
0.31188
0.04612
0.18536
0.70324
0.42772
0.24368
0.69908
0.0032
0.3558
0.77216
0.53668
0.09584
0.7562
-0.09064
0.22096
1.01492
0.5342
0.13824
1.02596
-0.07452
0.26824
1.34052
0.43404
0.26548
1.3554
0.00464
0.41224
1.52632
0.3114
0.41216
1.52332
0.1378
0.10708
-0.20192
0.27304
0.64344
-0.13932
0.13064
-0.1712
-0.1472
0.2472
0.3918
-0.1994
0.1388
0.0808
0.2846
0.372
0.37
0.3082
0.0474
0.1858
0.7018
0.427
0.2446
0.6964
0.002
0.3548
0.7708
0.5352
0.0914
0.755
-0.092
0.2198
1.0132
0.5326
0.1382
1.0238
-0.0752
0.2682
1.3386
0.4326
0.2664
1.353
0.0032
0.412
1.5246
0.3102
0.4122
1.5216
0.1366
0.0898
-0.2026
0.273
0.652
-0.1354
0.1342
-0.18432
-0.1406
0.24796
0.39616
-0.20092
0.14052
0.0798
0.2834
0.37276
0.36844
0.30492
0.04924
0.18676
0.70016
0.42608
0.24588
0.69384
0.001
0.35248
0.769
0.53332
0.0882
0.75356
-0.09348
0.21828
1.01132
0.53064
0.13876
1.02164
-0.07616
0.26792
1.33668
0.43112
0.2674
1.3508
0.00148000000000001
0.41176
1.52296
0.30896
0.41244
1.51996
0.13536
0.0725600000000001
-0.20312
0.2728
0.65532
-0.13444
0.13728
-0.19672
-0.13308
0.24892
0.39584
-0.2014
0.14244
0.08028
0.28204
0.37372
0.36756
0.3022
0.05052
0.18788
0.69872
0.42528
0.24756
0.69176
-3.99999999999992e-05
0.34904
0.76644
0.53156
0.08612
0.75204
-0.09508
0.21636
1.00956
0.5284
0.13988
1.0194
-0.0772
0.26744
1.33484
0.42936
0.26852
1.34856
-0.000439999999999998
0.41152
1.52152
0.3076
0.41268
1.5186
0.134
0.05552
-0.20376
0.27272
0.65492
-0.13644
0.14
-0.20788
-0.12444
0.25012
0.39116
-0.20104
0.14448
0.08244
0.28036
0.37492
0.36708
0.30016
0.05124
0.18956
0.69728
0.4242
0.24924
0.6902
-0.000760000000000001
0.3446
0.76344
0.52952
0.08516
0.75036
-0.09676
0.21432
1.00776
0.52588
0.14156
1.01712
-0.07852
0.26696
1.33328
0.42756
0.26972
1.34664
-0.00236
0.41128
1.52032
0.3064
0.41292
1.51752
0.13268
0.03848
-0.20436
0.2726
0.65072
-0.14064
0.14228
-0.21716
-0.11468
0.25156
0.38276
-0.20016
0.14632
0.08644
0.27836
0.37652
0.367
0.2988
0.0514
0.19148
0.69584
0.423
0.25092
0.68916
-0.00164
0.339
0.76016
0.52752
0.08532
0.74868
-0.09868
0.212
1.00608
0.52308
0.1438
1.01496
-0.08012
0.26632
1.33184
0.42572
0.271
1.34488
-0.00444
0.41104
1.51952
0.30504
0.41332
1.51672
0.1314
0.0216
-0.20492
0.2726
0.64336
-0.14688
0.14428
-0.2246
-0.1036
0.2528
0.3712
-0.1992
0.1476
0.0924
0.2762
0.3782
0.3674
0.298
0.0508
0.1938
0.6944
0.4222
0.2526
0.6888
-0.0028
0.3322
0.7566
0.5256
0.0868
0.7472
-0.1006
0.2094
1.0048
0.52
0.1466
1.0128
-0.0818
0.2656
1.3308
0.4238
0.2724
1.3436
-0.0066
0.411
1.5192
0.3038
0.4136
1.5164
0.1302
0.005
-0.2056
0.2726
0.6334
-0.1542
0.1458
-0.22976
-0.09116
0.2542
0.357
-0.198
0.14824
0.1008
0.2738
0.38016
0.36788
0.29764
0.04956
0.19648
0.6932
0.42148
0.2538
0.68868
-0.00336
0.32408
0.75288
0.52376
0.0896
0.74556
-0.10276
0.20648
1.00364
0.5166
0.15024
1.01092
-0.08372
0.26484
1.32996
0.42188
0.27408
1.34252
-0.00856000000000001
0.41076
1.51904
0.3026
0.41408
1.51644
0.1288
-0.01044
-0.2062
0.27264
0.62116
-0.16232
0.14716
-0.2324
-0.0773999999999999
0.25532
0.341
-0.1968
0.14824
0.11104
0.27132
0.3824
0.3682
0.29788
0.04796
0.19936
0.692
0.42076
0.25492
0.68932
-0.00432
0.31552
0.74888
0.52056
0.09352
0.7442
-0.105
0.20344
1.00284
0.51284
0.15432
1.0094
-0.08572
0.2638
1.32972
0.41996
0.27576
1.34204
-0.01064
0.4106
1.51928
0.30148
0.41456
1.51676
0.12768
-0.0246800000000001
-0.2062
0.2728
0.60724
-0.17
0.14804
-0.2324
-0.0625199999999999
0.25628
0.32396
-0.19572
0.14752
0.1234
0.26868
0.38468
0.36784
0.29812
0.04592
0.20236
0.6908
0.41992
0.25588
0.69028
-0.00540000000000001
0.30532
0.74528
0.5184
0.09856
0.743
-0.10752
0.20032
1.00236
0.50888
0.159
1.0082
-0.08788
0.2626
1.32972
0.41816
0.27756
1.3418
-0.01256
0.41048
1.51976
0.3004
0.41492
1.51724
0.1266
-0.0377600000000001
-0.20644
0.27292
0.59212
-0.17684
0.14852
-0.22928
-0.0466799999999999
0.25724
0.30652
-0.19476
0.1464
0.1374
0.2662
0.38668
0.36664
0.29836
0.04376
0.20564
0.68976
0.41896
0.25652
0.69124
-0.00628
0.29444
0.7416
0.51584
0.10488
0.7418
-0.11
0.19696
1.00188
0.50488
0.16412
1.00716
-0.09004
0.26124
1.33012
0.41648
0.27948
1.34196
-0.01432
0.41024
1.52048
0.29936
0.41516
1.51788
0.12556
-0.0498400000000001
-0.20708
0.27316
0.57628
-0.18252
0.14844
-0.2234
-0.0303999999999999
0.2578
0.289
-0.194
0.1452
0.1528
0.2638
0.3886
0.3644
0.2986
0.0414
0.209
0.6888
0.418
0.257
0.6926
-0.00760000000000001
0.2826
0.7382
0.5134
0.1124
0.7408
-0.1126
0.1934
1.0018
0.501
0.1698
1.0064
-0.0924
0.2598
1.3306
0.4146
0.2814
1.3426
-0.016
0.41
1.5214
0.2984
0.4154
1.5188
0.1246
-0.0604000000000001
-0.2076
0.2736
0.5602
-0.1868
0.1478
-0.21468
-0.0137199999999999
0.25804
0.27196
-0.19356
0.14404
0.16968
0.26196
0.39024
0.3606
0.29884
0.03908
0.21232
0.68812
0.41708
0.25692
0.69404
-0.00836000000000001
0.27024
0.73488
0.51036
0.121
0.74004
-0.11524
0.18996
1.00184
0.49696
0.17588
1.00592
-0.0946
0.25764
1.33156
0.41336
0.28356
1.34336
-0.0174
0.40972
1.5226
0.29748
0.41536
1.51996
0.12368
-0.0686
-0.20748
0.27408
0.54384
-0.1892
0.14676
-0.20396
0.00220000000000007
0.25812
0.255
-0.19332
0.14316
0.18704
0.26068
0.39168
0.3554
0.299
0.03724
0.21552
0.68772
0.41636
0.25636
0.69548
-0.00932000000000001
0.2572
0.73192
0.50764
0.13076
0.73916
-0.1178
0.18604
1.00208
0.49328
0.18236
1.0056
-0.097
0.2554
1.3326
0.412
0.28564
1.3444
-0.0186
0.40924
1.52388
0.29676
0.41512
1.521
0.12296
-0.0738
-0.20652
0.27472
0.52728
-0.19024
0.1454
-0.19184
0.0173200000000001
0.25788
0.2382
-0.1932
0.14244
0.20468
0.2602
0.39288
0.34892
0.29888
0.03568
0.21888
0.68772
0.41576
0.25552
0.6968
-0.01028
0.24376
0.72928
0.50488
0.14144
0.73844
-0.12032
0.18184
1.00244
0.48992
0.18896
1.0056
-0.09952
0.25288
1.3338
0.4108
0.28768
1.3456
-0.01968
0.40864
1.52532
0.29616
0.41476
1.52232
0.12236
-0.07596
-0.20472
0.2758
0.51072
-0.19072
0.14444
-0.17864
0.031
0.25764
0.2214
-0.19304
0.14172
0.22228
0.26052
0.39384
0.34116
0.29864
0.03456
0.22208
0.68812
0.41528
0.25424
0.698
-0.01108
0.22992
0.72696
0.50192
0.15304
0.73772
-0.1228
0.17752
1.00308
0.48672
0.196
1.0056
-0.102
0.25008
1.335
0.4096
0.28968
1.34696
-0.02048
0.40792
1.52676
0.29568
0.41412
1.5236
0.12188
-0.07428
-0.20208
0.277
0.49416
-0.19112
0.14388
-0.1648
0.0428000000000001
0.2572
0.2048
-0.193
0.141
0.2396
0.2618
0.3944
0.332
0.2984
0.0338
0.2254
0.6892
0.4158
0.2528
0.6992
-0.0118
0.2158
0.7252
0.499
0.1654
0.737
-0.125
0.1728
1.0038
0.4838
0.203
1.006
-0.1044
0.247
1.3364
0.4088
0.2914
1.3484
-0.021
0.4072
1.5282
0.2952
0.4134
1.525
0.1214
-0.0687999999999999
-0.1988
0.2786
0.4778
-0.1916
0.1436
-0.1506
0.0518000000000001
0.25652
0.18824
-0.19292
0.14052
0.25636
0.26404
0.39484
0.32204
0.29796
0.03344
0.22828
0.69068
0.4166
0.25108
0.70036
-0.01308
0.20144
0.72404
0.49612
0.17848
0.73652
-0.12716
0.16796
1.0046
0.4814
0.2102
1.00628
-0.1068
0.24364
1.33784
0.40792
0.293
1.34984
-0.02148
0.40624
1.52968
0.29496
0.41264
1.52648
0.12096
-0.0584399999999999
-0.19464
0.2806
0.46128
-0.19208
0.14332
-0.13612
0.05828
0.25588
0.17176
-0.19244
0.13996
0.27268
0.267
0.39508
0.31132
0.2978
0.0336
0.23108
0.69236
0.41652
0.24916
0.7014
-0.01348
0.1872
0.72324
0.49324
0.1924
0.73612
-0.12916
0.16292
1.00572
0.47908
0.21748
1.00684
-0.10912
0.24028
1.33928
0.40744
0.2942
1.35128
-0.02188
0.40528
1.53144
0.29472
0.41168
1.52816
0.12072
-0.0442799999999999
-0.19008
0.28292
0.44504
-0.19256
0.14292
-0.12148
0.06212
0.25504
0.15556
-0.19196
0.13936
0.28828
0.27084
0.3952
0.30016
0.29792
0.0336
0.2336
0.69428
0.41628
0.24688
0.7026
-0.01384
0.1728
0.72312
0.49048
0.2068
0.736
-0.13084
0.15776
1.00692
0.47704
0.22468
1.00768
-0.11128
0.23704
1.34072
0.40696
0.29516
1.35284
-0.02212
0.40432
1.53324
0.2946
0.4106
1.52996
0.1206
-0.0261599999999999
-0.18552
0.28532
0.42884
-0.19304
0.14256
-0.10652
0.06316
0.254
0.13932
-0.19148
0.13888
0.30332
0.27508
0.3952
0.28856
0.29832
0.03376
0.23584
0.6966
0.41588
0.24424
0.7038
-0.01416
0.15856
0.72352
0.48784
0.22168
0.73632
-0.13252
0.15248
1.00852
0.47512
0.2318
1.00864
-0.11344
0.23392
1.34232
0.40648
0.29588
1.35452
-0.0222
0.40336
1.53508
0.2946
0.40956
1.53172
0.1206
-0.00455999999999979
-0.18112
0.28828
0.41252
-0.19336
0.14224
-0.091
0.0614
0.2528
0.123
-0.1908
0.1382
0.3176
0.2798
0.3952
0.277
0.2988
0.034
0.2376
0.6992
0.4156
0.2414
0.705
-0.0146
0.1446
0.7246
0.4854
0.237
0.7372
-0.1338
0.1472
1.0102
0.4734
0.2386
1.0098
-0.1154
0.2312
1.344
0.4062
0.2964
1.3564
-0.0222
0.4022
1.5368
0.2946
0.4086
1.5336
0.1204
0.0204
-0.1772
0.2914
0.3962
-0.1938
0.142
-0.07484
0.05656
0.25116
0.10688
-0.19028
0.13772
0.33116
0.28508
0.3952
0.265
0.29932
0.03444
0.23896
0.70184
0.41508
0.23804
0.706
-0.01512
0.13092
0.72612
0.48304
0.2526
0.73848
-0.13472
0.14216
1.01212
0.47172
0.24524
1.01124
-0.11732
0.22884
1.34568
0.40596
0.2966
1.35808
-0.0222
0.40128
1.53848
0.2946
0.40764
1.53528
0.1204
0.0486000000000001
-0.17396
0.29476
0.38008
-0.19428
0.14156
-0.0577999999999999
0.0496
0.2498
0.0906399999999999
-0.18956
0.13716
0.34396
0.29028
0.39512
0.25292
0.30004
0.03476
0.23992
0.70448
0.41428
0.23476
0.70704
-0.0156
0.11748
0.72812
0.48088
0.2682
0.74032
-0.13544
0.1372
1.01404
0.47004
0.25132
1.01276
-0.11916
0.22676
1.34728
0.40572
0.29668
1.35984
-0.02212
0.40048
1.54008
0.2946
0.40668
1.53688
0.12048
0.0789200000000002
-0.17172
0.29812
0.36376
-0.19468
0.14132
-0.0393199999999999
0.0403599999999999
0.24848
0.0744399999999999
-0.18872
0.13656
0.35596
0.29544
0.39488
0.24056
0.30076
0.03524
0.24064
0.707
0.41332
0.2314
0.70788
-0.01572
0.1044
0.73052
0.4792
0.28392
0.74272
-0.13592
0.13252
1.01608
0.46848
0.25696
1.01444
-0.12084
0.22508
1.34872
0.4056
0.29668
1.36164
-0.02188
0.39952
1.5414
0.29472
0.40572
1.53832
0.1206
0.11048
-0.17088
0.30148
0.34744
-0.19492
0.14096
-0.0193999999999998
0.0291599999999999
0.24736
0.0582799999999999
-0.1876
0.13608
0.367
0.3004
0.39464
0.22792
0.30148
0.03572
0.24112
0.7094
0.4122
0.2278
0.70868
-0.01612
0.0918399999999999
0.73316
0.47768
0.2996
0.74552
-0.136
0.12796
1.01808
0.4672
0.26232
1.01612
-0.12236
0.2238
1.35
0.4056
0.2966
1.36316
-0.02164
0.39872
1.5426
0.2948
0.40476
1.5396
0.12076
0.14312
-0.17112
0.30484
0.33128
-0.19548
0.1408
0.0018
0.0162
0.2464
0.042
-0.1864
0.1356
0.377
0.3052
0.3944
0.2152
0.3024
0.0362
0.2414
0.7118
0.411
0.224
0.7092
-0.0166
0.08
0.7358
0.4762
0.315
0.7486
-0.1358
0.1238
1.0198
0.466
0.267
1.0178
-0.124
0.2226
1.3512
0.4058
0.2964
1.3646
-0.0214
0.398
1.5434
0.295
0.404
1.5406
0.1208
0.1768
-0.1722
0.308
0.3148
-0.1958
0.1406
0.0245200000000001
0.00139999999999996
0.24568
0.02592
-0.18492
0.13516
0.38596
0.30944
0.39364
0.20248
0.30316
0.03668
0.24164
0.71396
0.41008
0.21996
0.70984
-0.01708
0.0688
0.73844
0.475
0.33008
0.75244
-0.13528
0.11976
1.02164
0.46508
0.27144
1.01924
-0.12564
0.22212
1.35188
0.40576
0.2962
1.3658
-0.02116
0.39752
1.54408
0.29524
0.40352
1.54148
0.12104
0.21124
-0.17368
0.3108
0.29844
-0.19628
0.14036
0.0483600000000001
-0.0145200000000001
0.24512
0.00983999999999993
-0.18316
0.13476
0.3938
0.31312
0.39276
0.18984
0.30412
0.03716
0.2418
0.71596
0.40944
0.21612
0.71008
-0.01748
0.05824
0.741
0.47396
0.34488
0.75636
-0.13448
0.11592
1.02308
0.46444
0.27528
1.02068
-0.12708
0.2218
1.35228
0.40568
0.29612
1.36684
-0.02084
0.39704
1.54448
0.29548
0.40304
1.54196
0.12128
0.24644
-0.17528
0.31312
0.28188
-0.19668
0.14012
0.0733200000000002
-0.0314400000000001
0.24512
-0.00624000000000012
-0.18124
0.13416
0.4004
0.31624
0.3918
0.17736
0.3052
0.03752
0.2418
0.71764
0.4092
0.21228
0.71032
-0.01772
0.0485199999999999
0.7434
0.47336
0.35928
0.76056
-0.1334
0.1122
1.02452
0.46384
0.27888
1.022
-0.1284
0.22168
1.35252
0.40592
0.29588
1.36756
-0.02048
0.39668
1.5446
0.29572
0.40268
1.54232
0.12152
0.2822
-0.17684
0.31516
0.26532
-0.19704
0.13988
0.0995600000000003
-0.0492000000000002
0.24536
-0.0223200000000002
-0.179
0.13384
0.40576
0.31864
0.3906
0.1652
0.3064
0.0376
0.2418
0.719
0.40936
0.2086
0.7104
-0.01796
0.0394799999999999
0.74564
0.47288
0.37312
0.7652
-0.1322
0.10892
1.02564
0.46376
0.28208
1.02304
-0.12976
0.22176
1.3526
0.406
0.29548
1.36812
-0.02008
0.3966
1.54428
0.29612
0.40244
1.54224
0.12176
0.31836
-0.17836
0.31692
0.24876
-0.19736
0.13948
0.127
-0.0672
0.2458
-0.0384
-0.1764
0.1334
0.4098
0.3206
0.3894
0.1534
0.3078
0.0376
0.2418
0.7202
0.4096
0.205
0.7106
-0.0182
0.0312
0.7476
0.4726
0.3862
0.77
-0.131
0.1058
1.0266
0.4638
0.285
1.024
-0.131
0.222
1.3524
0.4064
0.2952
1.3684
-0.0198
0.3966
1.544
0.2964
0.4024
1.542
0.1222
0.3548
-0.1794
0.3182
0.232
-0.1978
0.1392
0.15552
-0.0854
0.24656
-0.05444
-0.17352
0.13288
0.41244
0.32148
0.38816
0.14196
0.30904
0.03756
0.24156
0.7208
0.4098
0.20168
0.7104
-0.0182
0.02388
0.74944
0.47264
0.3988
0.77504
-0.12956
0.10296
1.02732
0.4638
0.2876
1.02468
-0.13216
0.22248
1.35172
0.40668
0.29472
1.36816
-0.01932
0.3966
1.54328
0.29688
0.40244
1.54168
0.12248
0.39128
-0.17956
0.31932
0.21516
-0.19824
0.13876
0.1852
-0.10324
0.2476
-0.0703600000000001
-0.17048
0.13224
0.41356
0.32172
0.38664
0.13108
0.3104
0.0374
0.24132
0.72072
0.40972
0.19864
0.71024
-0.01804
0.01732
0.7508
0.47296
0.41064
0.78024
-0.12812
0.10048
1.02796
0.46396
0.28984
1.02516
-0.1332
0.22296
1.35116
0.40708
0.29432
1.36784
-0.01884
0.39676
1.54248
0.29728
0.40268
1.54096
0.12296
0.42776
-0.17908
0.32004
0.19812
-0.19856
0.13844
0.21544
-0.1204
0.24868
-0.0863200000000001
-0.16712
0.13176
0.41344
0.321
0.38484
0.12088
0.3116
0.0374
0.24084
0.72036
0.4096
0.19576
0.70988
-0.01768
0.01156
0.752
0.47368
0.4218
0.78564
-0.12668
0.09832
1.02832
0.46456
0.29176
1.02552
-0.13416
0.22344
1.35032
0.40756
0.29396
1.36724
-0.01836
0.39712
1.5414
0.29776
0.40292
1.54
0.12344
0.46388
-0.17752
0.32064
0.18108
-0.19892
0.13796
0.24608
-0.13624
0.2498
-0.10216
-0.1636
0.13112
0.41224
0.31932
0.38276
0.1112
0.3128
0.03724
0.24028
0.71956
0.40976
0.1932
0.70932
-0.01744
0.00659999999999995
0.75288
0.47448
0.43196
0.79108
-0.12508
0.09632
1.0284
0.46512
0.29336
1.0256
-0.13504
0.22408
1.3492
0.40812
0.29364
1.36652
-0.01772
0.39752
1.54004
0.29832
0.40332
1.5388
0.12392
0.499
-0.17456
0.32096
0.16404
-0.19932
0.13748
0.2764
-0.1508
0.2512
-0.118
-0.16
0.1306
0.4104
0.317
0.3806
0.1024
0.3138
0.0372
0.2398
0.7182
0.4102
0.1908
0.7088
-0.017
0.0024
0.7536
0.4758
0.4414
0.7966
-0.1236
0.0948
1.0284
0.466
0.2946
1.0256
-0.1358
0.2248
1.348
0.4088
0.2934
1.3656
-0.017
0.398
1.5386
0.2988
0.4038
1.5376
0.1246
0.5324
-0.1698
0.3208
0.1468
-0.1998
0.137
0.30544
-0.163
0.25284
-0.1336
-0.15612
0.12988
0.40752
0.31428
0.3782
0.0946
0.31452
0.037
0.23932
0.71664
0.41048
0.18888
0.70788
-0.01652
-0.000840000000000006
0.7538
0.47708
0.44964
0.80188
-0.12212
0.09344
1.02792
0.46676
0.29552
1.02536
-0.13628
0.22556
1.34656
0.40952
0.2934
1.3644
-0.01624
0.39872
1.53692
0.29952
0.40428
1.53592
0.12512
0.56364
-0.16364
0.31996
0.12948
-0.20008
0.13652
0.33272
-0.17324
0.2542
-0.14912
-0.15188
0.12916
0.40448
0.31108
0.3758
0.08764
0.31508
0.03692
0.23892
0.71448
0.41088
0.18712
0.707
-0.01596
-0.00332000000000001
0.75372
0.47868
0.45684
0.807
-0.12052
0.09256
1.02736
0.46772
0.29608
1.02504
-0.13676
0.22644
1.34504
0.41024
0.2934
1.36312
-0.01536
0.39936
1.53516
0.30024
0.40476
1.53424
0.12592
0.59188
-0.15644
0.31836
0.11204
-0.20056
0.13604
0.3578
-0.18152
0.2554
-0.16436
-0.14732
0.12844
0.40112
0.30772
0.3734
0.08164
0.31532
0.03668
0.2388
0.71208
0.41124
0.1858
0.70592
-0.01524
-0.00512000000000001
0.75324
0.48036
0.46308
0.81168
-0.11896
0.09196
1.02652
0.46892
0.2962
1.02444
-0.13712
0.22716
1.34336
0.41108
0.2934
1.36168
-0.01452
0.39996
1.53324
0.30096
0.40524
1.53244
0.12676
0.61708
-0.14852
0.31632
0.0946399999999999
-0.20092
0.13556
0.37988
-0.188
0.25628
-0.17932
-0.14228
0.12788
0.39808
0.30452
0.37116
0.07676
0.31524
0.03644
0.2388
0.7096
0.41172
0.18476
0.7048
-0.01484
-0.00624000000000001
0.75236
0.48228
0.4682
0.81608
-0.11728
0.09164
1.0254
0.4702
0.29604
1.02372
-0.1372
0.22804
1.34152
0.4122
0.2934
1.36008
-0.0134
0.40084
1.53132
0.30184
0.40572
1.53052
0.12764
0.6386
-0.14052
0.314
0.0771199999999998
-0.20132
0.13508
0.3976
-0.1932
0.2564
-0.194
-0.1366
0.127
0.3954
0.3014
0.369
0.0732
0.315
0.0362
0.2392
0.707
0.4122
0.184
0.7034
-0.0142
-0.0064
0.7512
0.4842
0.4724
0.8198
-0.1156
0.0918
1.024
0.4718
0.2954
1.023
-0.1374
0.2288
1.3396
0.4132
0.2934
1.3584
-0.0124
0.4016
1.5294
0.3026
0.4064
1.5286
0.1286
0.6554
-0.133
0.311
0.0598
-0.2018
0.1348
0.40968
-0.19688
0.25584
-0.20784
-0.13028
0.12628
0.39384
0.29832
0.36688
0.07076
0.31424
0.03596
0.23976
0.7046
0.41292
0.18364
0.70212
-0.01368
-0.00584
0.74952
0.4864
0.47536
0.82304
-0.11392
0.0924
1.02248
0.47352
0.2944
1.022
-0.13712
0.22976
1.33744
0.41444
0.2936
1.35672
-0.01116
0.40236
1.52728
0.30356
0.40688
1.52648
0.12956
0.66652
-0.12676
0.30676
0.04228
-0.20228
0.13432
0.41712
-0.19952
0.25472
-0.22096
-0.12332
0.12556
0.39296
0.29552
0.36496
0.0698
0.3132
0.03556
0.24072
0.70228
0.41364
0.18396
0.70052
-0.01288
-0.00463999999999999
0.74768
0.4888
0.4772
0.82552
-0.11224
0.09368
1.02048
0.47552
0.29312
1.02088
-0.13664
0.23064
1.33528
0.4158
0.29368
1.35504
-0.00971999999999999
0.40324
1.52528
0.30452
0.40736
1.52448
0.1306
0.67308
-0.12252
0.30164
0.0247599999999999
-0.20276
0.13392
0.41964
-0.2012
0.25316
-0.2332
-0.11552
0.12484
0.39248
0.29312
0.36316
0.07028
0.31176
0.03496
0.24192
0.70012
0.41424
0.18468
0.69896
-0.01204
-0.00247999999999998
0.7454
0.49132
0.47804
0.82732
-0.11056
0.09524
1.01832
0.47768
0.29144
1.0198
-0.13604
0.23148
1.33312
0.41724
0.2938
1.35336
-0.00827999999999999
0.40384
1.52324
0.3056
0.40784
1.52244
0.1318
0.67524
-0.12144
0.29636
0.00735999999999988
-0.20324
0.13344
0.41756
-0.20208
0.25132
-0.2444
-0.10672
0.12412
0.39256
0.29096
0.36164
0.0722
0.30992
0.03432
0.24368
0.69812
0.41472
0.18596
0.69728
-0.01116
0.000320000000000027
0.74284
0.49396
0.47788
0.82844
-0.10888
0.09724
1.01584
0.48
0.28936
1.0186
-0.13532
0.23244
1.33112
0.41892
0.2938
1.35168
-0.00683999999999999
0.40448
1.52148
0.3068
0.40816
1.52052
0.133
0.67348
-0.12352
0.29108
-0.00992000000000016
-0.20356
0.13304
0.4178
-0.2002
0.2524
-0.2424
-0.1034
0.1244
0.3924
0.2914
0.3626
0.0754
0.3094
0.0344
0.244
0.6978
0.4148
0.1868
0.6972
-0.0104
0.0016
0.7424
0.4948
0.4784
0.8288
-0.1078
0.0982
1.0158
0.481
0.2896
1.0186
-0.1346
0.233
1.3312
0.4194
0.2938
1.3518
-0.0064
0.4054
1.5218
0.307
0.4088
1.5208
0.1334
0.6734
-0.1236
0.2926
-0.0114
-0.2036
0.1326
0.40808
-0.19992
0.25076
-0.24932
-0.09152
0.124
0.39344
0.28976
0.36264
0.08192
0.307
0.03384
0.24612
0.69712
0.416
0.18928
0.69572
-0.00896
0.00580000000000001
0.74
0.49744
0.47756
0.8292
-0.10588
0.10144
1.01388
0.48348
0.28784
1.01768
-0.13288
0.23448
1.3298
0.42156
0.29376
1.35108
-0.00468
0.40636
1.52112
0.30848
0.40948
1.52008
0.13488
0.6656
-0.13028
0.28768
-0.02752
-0.204
0.13212
0.39656
-0.19944
0.24932
-0.25484
-0.0790399999999999
0.124
0.39488
0.28832
0.36288
0.0898400000000001
0.3046
0.03288
0.24804
0.69664
0.4172
0.19216
0.69404
-0.00751999999999999
0.0106
0.7376
0.50008
0.47612
0.8292
-0.10396
0.10528
1.01196
0.48636
0.28568
1.01696
-0.13096
0.23616
1.3286
0.42372
0.29352
1.35036
-0.00275999999999999
0.40732
1.52064
0.31016
0.40996
1.51936
0.13656
0.656
-0.13796
0.28336
-0.0426400000000001
-0.204
0.13164
